X04236.1:1-328
AC	0,0,0,0,0,0,0,0,0,0,0,0,0,0,0,0,0,0,0,0,0,0,0,0,0,0,0,0,0,0,0,0,0,0,0,0,0,0,0,0,0,0,0,0,0,0,0,0,0,0,0,0,0,0,0,0,0,0,0,0,0,0,0,0,0,0,0,0,0,0,0,0,0,0,0,0,0,0,0,0,0,0,0,0,0,0,0,0,0,0,0,0,0,0,0,0,0,0,0,0,0,0,0,0,0,0,0,0,0,0,0,0,0,0,0,0,0,0,0,0,0,0,0,0,0,0,0,0,0,0,0,0,0,0,0,0,0,0,0,0,0,0,0,0,0,0,0,0,0,0,0,0,0,0,0,0,0,0,0,0,0,0,0,0,0,0,0,0,0,0,0,0,0,0,0,0,0,0,0,0,0,0,0,0,0,0,0,0,0,0,0,0,0,0,0,0,0,0,0,0,0,0,0,0,0,0,0,0,0,0,0,0,0,0,0,0,0,0,0,0,0,0,0,0,0,0,0,0,0,0,0,0,0,0,0,0,0,0,0,0,0,0,0,0,0,0,0,0,0,0,0,0,0,0,0,0,0,0,0,0,0,0,0,0,0,0,0,0,0,0,0,0,0,0,0,0,0,0,0,0,0,0,0,0,0,0,0,0,0,0,0,0,0,0,0,0,0,0,0,0,0,0,0,0,0,0,0,0,0,0,0,0,0,0,0,0,0,0,0,0,0,0,0,0,0,0,0,0
AG	0,0,0,0,0,0,0,0,0,0,0,0,0,0,0,0,0,0,0,0,0,0,0,0,0,0,0,0,0,0,0,0,0,0,0,0,0,0,0,0,0,0,0,0,0,0,0,0,0,0,0,0,0,0,0,0,0,0,0,0,0,0,0,0,0,0,0,0,0,0,0,0,0,0,0,0,0,0,0,0,0,0,0,0,0,0,0,0,0,0,0,0,0,0,0,0,0,0,0,0,0,0,0,0,0,0,0,0,0,0,0,0,0,0,0,0,0,0,0,0,0,0,0,0,1,0,0,0,0,0,0,0,0,0,0,0,0,0,0,0,0,0,0,0,0,0,0,0,0,0,0,0,0,0,0,0,0,0,0,0,0,0,0,0,0,0,0,0,0,0,0,0,0,0,0,0,0,0,0,0,0,0,0,0,0,0,0,0,0,0,0,0,0,0,0,0,0,0,0,0,0,0,0,0,0,0,0,0,0,0,0,0,0,0,0,0,0,0,0,0,0,0,0,0,0,0,0,0,0,0,0,0,0,0,0,0,0,0,0,0,0,0,0,0,0,0,0,0,0,0,0,0,0,0,0,0,0,0,0,0,0,0,0,0,0,0,0,0,0,0,0,0,0,0,0,0,0,0,0,0,0,0,0,0,0,0,0,0,0,0,0,0,0,0,0,0,0,0,0,0,0,0,0,0,0,0,0,0,0,0,0,0,0,0,0,0,0,0,0,0,0,0,0,0,0,0,0,0
AT	0,0,0,0,0,0,0,0,0,0,0,0,0,0,0,0,0,0,0,0,0,0,0,0,0,0,0,0,0,0,0,0,0,0,0,0,0,0,0,0,0,0,0,0,0,0,0,0,0,0,0,0,0,0,0,0,0,0,0,0,0,0,0,0,0,0,0,0,0,0,0,0,0,0,0,0,0,0,0,0,0,0,0,0,0,0,0,0,0,0,0,0,0,0,0,0,0,0,0,0,0,0,0,0,0,0,0,0,0,0,0,0,0,0,0,0,0,0,0,0,0,0,0,0,0,0,0,0,0,0,0,0,0,0,0,0,0,0,0,0,0,0,0,0,0,0,0,0,0,0,0,0,0,0,0,0,0,0,0,0,0,0,0,0,0,0,0,0,0,0,0,0,0,0,0,0,0,0,0,0,0,0,0,0,0,0,0,0,0,0,0,0,0,0,0,0,0,0,0,0,0,0,0,0,0,0,0,0,0,0,0,0,0,0,0,0,0,0,0,0,0,0,0,0,0,0,0,0,0,0,0,0,0,0,0,0,0,0,0,0,0,0,0,0,0,0,0,0,0,0,0,0,0,0,0,0,0,0,0,0,0,0,0,0,0,0,0,0,0,0,0,0,0,0,0,0,0,0,0,0,0,0,0,0,0,0,0,0,0,0,0,0,0,0,0,0,0,0,0,0,0,0,0,0,0,0,0,0,0,0,0,0,0,0,0,0,0,0,0,0,0,0,0,0,0,0,0,0
CA	0,0,0,0,0,0,0,0,0,0,0,0,0,0,0,0,0,0,0,0,0,0,0,0,0,0,0,0,0,0,0,0,0,0,0,0,0,0,0,0,0,0,0,0,0,0,0,0,0,0,0,0,0,0,0,0,0,0,0,0,0,0,0,0,0,0,0,0,0,0,0,0,0,0,0,0,0,0,0,0,0,0,0,0,0,0,0,0,1,0,0,0,0,0,0,0,1,0,0,0,0,0,0,0,0,0,0,0,0,0,0,0,0,0,0,0,0,0,0,0,0,0,0,0,0,0,0,0,0,0,0,0,0,0,0,0,0,0,0,0,0,0,0,0,0,0,0,0,0,0,0,0,0,0,0,0,0,0,0,0,0,0,0,0,0,0,0,0,0,0,0,0,0,0,0,0,0,0,0,0,0,0,0,0,0,0,0,0,0,0,0,0,0,0,0,0,0,0,0,0,0,0,0,0,0,0,0,0,0,0,0,0,0,0,0,0,0,0,0,0,0,0,0,0,0,0,0,0,0,0,0,0,0,0,0,0,0,0,0,0,0,0,0,0,0,0,0,0,0,0,0,0,0,0,0,0,0,0,0,0,0,0,0,0,0,0,0,0,0,0,0,0,0,0,0,0,0,0,0,0,0,0,0,0,0,0,0,0,0,0,0,0,0,0,0,0,0,0,0,0,0,0,0,0,0,0,0,0,0,0,0,0,0,0,0,0,0,0,0,0,0,0,0,0,0,0,0,0
CG	0,0,0,0,0,0,0,0,0,0,0,0,0,0,0,0,0,0,0,0,0,0,0,0,0,0,0,0,0,0,0,0,0,0,0,0,0,0,0,0,0,0,0,0,0,0,0,0,0,0,0,0,0,0,0,0,0,0,0,0,0,0,0,0,0,0,0,0,0,0,0,0,0,0,0,0,0,0,0,2,0,0,0,0,0,0,0,0,0,0,0,0,0,0,0,0,0,0,0,0,0,0,0,0,0,0,0,0,0,0,0,0,0,0,0,0,0,0,0,0,0,0,0,0,0,0,0,0,0,0,0,0,0,0,0,0,0,0,0,0,0,0,0,0,0,0,0,0,0,0,0,0,0,0,0,0,0,0,0,0,0,0,0,0,0,0,0,0,0,0,0,0,0,0,0,0,0,0,0,0,0,0,0,0,0,0,0,0,0,0,0,0,0,0,0,0,0,0,0,0,0,0,0,0,0,0,0,0,0,0,0,0,0,0,0,0,0,0,0,0,0,0,0,0,0,0,0,0,0,0,0,0,0,0,0,0,0,0,0,0,0,0,0,0,0,0,0,0,0,0,0,0,0,0,0,0,0,0,0,0,0,0,0,0,0,0,0,0,0,0,0,0,0,0,0,0,0,0,0,0,0,0,0,0,0,0,0,0,0,0,0,0,0,0,0,0,0,0,0,0,0,0,0,0,0,0,0,0,0,0,0,0,0,0,0,0,0,0,0,0,0,0,0,0,0,0,0,0
CT	0,0,0,0,0,0,0,0,0,0,0,0,0,0,0,0,0,0,0,0,0,0,0,0,0,0,0,0,0,0,0,0,0,0,0,0,0,0,0,0,0,0,0,0,0,0,0,0,0,0,0,0,0,0,0,0,0,0,0,0,0,0,0,0,0,0,0,0,0,0,0,0,0,0,0,0,0,0,0,1,0,0,0,0,0,0,0,0,0,0,0,0,0,0,0,0,0,0,0,0,0,0,0,0,0,0,0,0,0,0,0,0,0,0,0,0,0,0,0,0,0,0,0,0,0,0,1,0,0,0,0,0,0,0,0,0,0,0,0,0,0,0,0,0,0,0,0,0,0,0,0,0,0,0,0,0,0,0,0,0,0,0,0,0,0,0,0,0,0,0,0,0,0,0,0,0,0,0,0,0,0,0,0,0,0,0,0,0,0,0,0,0,0,0,0,0,0,0,0,0,0,0,0,0,0,0,0,0,0,0,0,0,0,0,0,0,0,0,0,0,0,0,0,0,0,0,0,0,0,0,0,0,0,0,0,0,0,0,0,0,0,0,0,0,0,0,0,0,0,0,0,0,0,0,0,0,0,0,0,0,0,0,0,0,0,0,0,0,0,0,0,0,0,0,0,0,0,0,0,0,0,0,0,0,0,0,0,0,0,0,0,0,0,0,0,0,0,0,0,0,0,0,0,0,0,0,0,0,0,0,0,0,0,0,0,0,0,0,0,0,0,0,0,0,0,0,0,0
GA	0,0,0,0,0,0,0,0,0,0,0,0,0,0,0,0,0,0,0,0,0,0,0,0,0,0,0,0,0,0,0,0,0,0,0,0,0,0,0,0,0,1,0,0,0,0,0,0,0,0,0,0,0,0,0,0,0,0,0,0,0,0,0,0,0,0,0,0,0,0,0,0,0,0,0,0,0,0,0,0,1,0,0,0,0,0,0,0,0,0,0,0,0,0,0,0,0,0,0,0,0,0,0,0,0,0,0,0,0,0,0,0,0,0,0,0,0,0,0,0,0,0,0,0,0,0,0,0,0,0,0,0,0,0,0,0,0,0,0,0,0,0,0,1,0,0,0,0,0,0,0,0,0,0,0,0,0,0,0,0,0,0,0,0,0,0,0,0,0,0,0,0,0,0,0,0,0,0,0,0,0,0,0,0,0,0,0,0,0,0,0,0,0,0,0,0,0,0,0,0,0,0,0,0,0,0,0,0,0,0,0,0,0,0,0,0,0,0,0,0,0,0,0,0,0,0,0,0,0,0,0,0,0,0,0,0,0,0,0,0,0,0,0,0,0,0,0,0,0,0,0,0,0,0,0,0,0,0,0,0,0,0,0,0,0,0,0,0,0,0,0,0,0,0,0,0,0,0,0,0,0,0,0,0,0,0,0,0,0,0,0,0,0,0,0,0,0,0,0,0,0,0,0,0,0,0,0,0,0,0,0,0,0,0,0,0,0,0,0,0,0,0,0,0,0,0,0,0
GC	0,0,0,0,0,0,0,0,0,0,0,0,0,0,0,0,0,0,0,0,0,0,0,0,0,0,0,0,0,0,0,0,0,0,0,0,0,0,0,0,0,0,0,0,0,0,0,0,0,0,0,0,0,0,0,0,0,0,0,0,0,0,0,0,0,0,0,0,0,0,0,0,0,0,0,0,0,0,0,0,0,0,0,1,0,0,0,0,0,0,0,0,0,0,0,0,0,0,0,0,0,0,0,0,0,0,0,0,0,0,0,0,0,0,0,0,0,0,0,0,0,0,0,0,0,0,0,0,0,0,0,0,0,0,0,0,0,0,0,0,0,0,0,0,0,0,0,0,0,0,0,0,0,0,0,0,0,0,0,0,0,0,0,0,0,0,0,0,0,0,0,0,0,0,0,0,0,0,0,0,0,0,0,0,0,0,0,0,0,0,0,0,0,0,0,0,0,0,0,0,0,0,0,0,0,0,0,0,0,0,0,0,0,0,0,0,0,0,0,0,0,0,0,0,0,0,0,0,0,0,0,0,0,0,0,0,0,0,0,0,0,0,0,0,0,0,0,0,0,0,0,0,0,0,0,0,0,0,0,0,0,0,0,0,0,0,0,0,0,0,0,0,0,0,0,0,0,0,0,0,0,0,0,0,0,0,0,0,0,0,0,0,0,0,0,0,0,0,0,0,0,0,0,0,0,0,0,0,0,0,0,0,0,0,0,0,0,0,0,0,0,0,0,0,0,0,0,0
GT	0,0,0,0,0,0,0,0,0,0,0,0,0,0,0,0,0,0,0,0,0,0,0,0,0,0,0,0,0,0,0,0,0,0,0,0,0,0,0,0,0,0,0,0,0,0,0,0,0,0,0,0,0,0,0,0,0,0,0,0,0,0,0,0,0,0,0,0,0,0,0,0,0,0,0,0,0,0,0,0,0,0,0,0,0,0,0,0,0,0,0,0,0,0,0,0,0,0,0,0,0,0,0,0,0,0,0,0,0,0,0,0,0,0,0,0,0,0,0,0,0,0,0,0,0,0,0,0,0,0,0,0,0,0,0,0,0,0,0,0,0,0,0,0,0,0,0,0,0,0,0,0,0,0,0,0,0,0,0,0,0,0,0,0,0,0,0,0,0,0,0,0,0,0,0,0,0,0,0,0,0,0,0,0,0,0,0,0,0,0,0,0,0,0,0,0,0,0,0,0,0,0,0,0,0,0,0,0,0,0,0,0,0,0,0,0,0,0,0,0,0,0,0,0,0,0,0,0,0,0,0,0,0,0,0,0,0,0,0,0,0,0,0,0,0,0,0,0,0,0,0,0,0,0,0,0,0,0,0,0,0,0,0,0,0,0,0,0,0,0,0,0,0,0,0,0,0,0,0,0,0,0,0,0,0,0,0,0,0,0,0,0,0,0,0,0,0,0,0,0,0,0,0,0,0,0,0,0,0,0,0,0,0,0,0,0,0,0,0,0,0,0,0,0,0,0,0,0
TA	0,0,0,0,0,0,0,0,0,0,0,0,0,0,0,0,0,0,0,0,0,0,0,0,0,0,0,0,0,0,0,0,0,0,0,0,0,0,0,0,0,0,0,0,0,0,0,0,0,0,0,0,0,0,0,0,0,0,0,0,0,0,0,0,0,0,0,0,0,0,0,0,0,0,0,0,0,0,0,0,0,0,0,0,0,0,0,0,0,0,0,0,0,0,0,0,0,0,0,0,0,0,0,0,0,0,0,0,0,0,0,0,0,0,0,0,0,0,0,0,0,0,0,0,0,0,0,0,0,0,0,0,0,0,0,0,0,0,0,0,0,0,0,0,0,0,0,0,0,0,0,0,0,0,0,0,0,0,0,0,0,0,0,0,0,0,0,0,0,0,0,0,0,0,0,0,0,0,0,0,0,0,0,0,0,0,0,0,0,0,0,0,0,0,0,0,0,0,0,0,0,0,0,0,0,0,0,0,0,0,0,0,0,0,0,0,0,0,0,0,0,0,0,0,0,0,0,0,0,0,0,0,0,0,0,0,0,0,0,0,0,0,0,0,0,0,0,0,0,0,0,0,0,0,0,0,0,0,0,0,0,0,0,0,0,0,0,0,0,0,0,0,0,0,0,0,0,0,0,0,0,0,0,0,0,0,0,0,0,0,0,0,0,0,0,0,0,0,0,0,0,0,0,0,0,0,0,0,0,0,0,0,0,0,0,0,0,0,0,0,0,0,0,0,0,0,0,0
TC	0,0,0,0,0,0,0,0,0,0,0,0,0,0,0,0,0,0,0,0,0,0,0,0,0,0,0,0,0,0,0,0,0,0,0,0,0,0,0,0,0,0,0,0,0,0,0,0,0,0,0,0,0,0,0,0,0,0,0,0,0,0,0,0,0,0,0,0,0,0,0,0,0,0,0,0,0,0,0,0,0,0,0,0,1,0,0,0,0,0,2,0,0,0,0,0,0,0,0,0,0,0,0,0,1,0,0,0,0,0,0,0,0,0,0,0,0,0,0,0,0,0,0,0,0,0,0,0,0,0,0,0,0,0,0,0,0,0,0,0,0,0,0,0,0,0,0,0,0,0,0,0,0,0,0,0,0,0,0,0,0,0,0,0,0,0,0,0,0,0,0,0,0,0,0,0,0,0,0,0,0,0,0,0,0,0,0,0,0,0,0,0,0,0,0,0,0,0,0,0,0,0,0,0,0,0,0,0,0,0,0,0,0,0,0,0,0,0,0,0,0,0,0,0,0,0,0,0,0,0,0,0,0,0,0,0,0,0,0,0,0,0,0,0,0,0,0,0,0,0,0,0,0,0,0,0,0,0,0,0,0,0,0,0,0,0,0,0,0,0,0,0,0,0,0,0,0,0,0,0,0,0,0,0,0,0,0,0,0,0,0,0,0,0,0,0,0,0,0,0,0,0,0,0,0,0,0,0,0,0,0,0,0,0,0,0,0,0,0,0,0,0,0,0,0,0,0,0
TG	0,0,0,0,0,0,0,0,0,0,0,0,0,0,0,0,0,0,0,0,0,0,0,0,0,0,0,0,0,0,0,0,0,0,0,0,0,0,0,0,0,0,0,0,0,0,0,0,0,0,0,0,0,0,0,0,0,0,0,0,0,0,0,0,0,0,0,0,0,0,0,0,0,0,0,0,0,0,0,0,0,0,59,0,0,0,0,0,0,0,0,0,0,0,0,0,0,0,0,0,0,0,0,0,0,0,0,0,0,0,0,0,0,0,0,0,0,0,0,0,0,0,0,0,0,0,0,0,0,0,0,0,0,0,0,0,0,0,0,0,0,0,0,0,0,0,0,0,0,0,0,0,0,0,0,0,0,0,0,0,0,0,0,0,0,0,0,0,0,0,0,0,0,0,0,0,0,0,0,0,0,0,0,0,0,0,0,0,0,0,0,0,0,0,0,0,0,0,0,0,0,0,0,0,0,0,0,0,0,0,0,0,0,0,0,0,0,0,0,0,0,0,0,0,0,0,0,0,0,0,0,0,0,0,0,0,0,0,0,0,0,0,0,0,0,0,0,0,0,0,0,0,0,0,0,0,0,0,0,0,0,0,0,0,0,0,0,0,0,0,0,0,0,0,0,0,0,0,0,0,0,0,0,0,0,0,0,0,0,0,0,0,0,0,0,0,0,0,0,0,0,0,0,0,0,0,0,0,0,0,0,0,0,0,0,0,0,0,0,0,0,0,0,0,0,0,0,0
ins	0,0,0,0,0,0,0,0,0,0,0,0,0,0,0,0,0,0,0,0,0,0,0,0,0,0,0,0,0,0,0,0,0,0,0,0,0,0,0,0,0,0,0,0,0,0,0,0,0,0,0,0,0,0,0,0,0,0,0,0,0,0,0,0,0,0,0,0,0,0,0,0,0,0,0,0,0,0,0,0,0,0,0,0,0,0,0,0,0,0,0,0,0,0,0,0,0,0,0,0,0,0,0,0,0,0,0,0,0,0,0,0,0,0,0,0,0,0,0,0,0,0,0,0,0,0,0,0,0,2,0,0,0,0,0,0,0,0,0,0,0,0,0,0,0,0,0,0,0,0,0,0,0,0,0,0,0,0,0,0,0,0,0,0,0,0,0,0,0,0,0,0,0,0,0,0,0,0,0,0,0,0,0,0,0,0,0,0,0,0,0,0,0,0,0,0,0,0,0,0,0,0,0,0,0,0,0,0,0,0,0,0,0,0,0,0,0,0,0,0,0,0,0,0,0,0,0,0,0,0,0,0,0,0,0,0,0,0,0,0,0,0,0,0,0,0,0,0,0,0,0,0,0,0,0,0,0,0,0,0,0,0,0,0,0,0,0,0,0,0,0,0,0,0,0,0,0,0,0,0,0,0,0,0,0,0,0,0,0,0,0,0,0,0,0,0,0,0,0,0,0,0,0,0,0,0,0,0,0,0,0,0,0,0,0,0,0,0,0,0,0,0,0,0,0,0,0,0
del	0,0,0,0,0,0,0,0,0,0,0,0,0,0,0,0,0,0,0,0,0,0,0,0,0,0,0,0,0,0,0,0,0,0,0,0,0,0,0,0,0,0,0,0,0,0,0,0,0,0,0,0,0,0,0,0,0,0,0,0,0,0,0,0,0,0,0,0,0,0,0,0,0,0,0,0,0,0,0,1,0,1,12,0,0,0,0,0,0,0,1,0,0,0,0,0,0,0,0,0,0,0,0,0,0,0,0,0,0,0,0,0,0,0,0,0,0,0,0,0,0,0,0,0,0,0,0,0,0,0,0,0,3,3,0,0,0,0,0,0,0,0,0,0,0,0,0,0,0,0,0,0,0,0,0,0,0,0,0,0,0,0,0,0,0,0,0,0,0,0,0,0,0,0,0,0,0,0,0,0,0,0,0,0,0,0,0,0,0,0,0,0,0,0,0,0,0,0,0,0,0,0,0,0,0,0,0,0,0,0,0,0,0,0,0,0,0,0,0,0,0,0,0,0,0,0,0,0,0,0,0,0,0,0,0,0,0,0,0,0,0,0,0,0,0,0,0,0,0,0,0,0,0,0,0,0,0,0,0,0,0,0,0,0,0,0,0,0,0,0,0,0,0,0,0,0,0,0,0,0,0,0,0,0,0,0,0,0,0,0,0,0,0,0,0,0,0,0,0,0,0,0,0,0,0,0,0,0,0,0,0,0,0,0,0,0,0,0,0,0,0,0,0,0,0,0,0,0

X04248.1
AC	0,0,0,0,0,0,0,0,0,0,0,0,0,0,0,0,0,0,0,0,0,0,0,0,0,68,0,0,0,0,0,18,0,0,0,41,0,0,0,0,0,0,12,0,0,0,0,0,29,0,0,0,0,0,0,42,0,0,50,0,0,0,0,0,0,0,7,0,0,0,0,19,0,0,3,0,0,0,0,0,0,0,0,0,0,0,0,19,0,0,0,0,0,0,0,18,0,0,0,0,0,20,0,0,0,0,0,0,0,0,0,0,0,0,12,0,0,14,24,0,0,0,0,0,0,0,15,0,0,9,15,0,14,0,0,0,0,0,12,0,0,0,0,0,0,0,0,0,7,0,0,0,0,0,0,0,3,0,0,21,0,0,17,0,0,0,0,0,0,0,0,14,14,0,0,4,0,0,0,0,0,0,3,12,0,0,0,0,0,0,0,8,0,0,0,0,0,0,6,4,11,0,0,0,3,0,0,3,0,0,0,0,6,5,4,3,0,0,0,0,0,0,0,0,0,0,0,4,0,0,2,0,0,1,0,0,0,0,0,1,0,0,0,0,0,0,0,0,0,0,0,2,13,0,5,0,0,0,26,0,0,0,0,5,0,0,0,0,1,0,0,0,0,0,0,0,0,280,43,0,31,0,57,0,0,0,28,0,35,0,0,0,0,0,0,0,0,0,0
AG	0,0,0,0,0,0,0,0,0,0,0,0,0,0,0,0,0,0,0,0,0,0,0,0,0,1449,0,0,0,0,0,256,0,0,0,63,0,0,0,0,0,0,73,0,0,0,0,0,187,0,0,0,0,0,0,185,0,0,129,0,0,0,0,0,0,0,48,0,0,0,0,186,0,0,65,0,0,0,0,0,0,0,0,0,0,0,0,59,0,0,0,0,0,0,0,83,0,0,0,0,0,48,0,0,0,0,0,0,0,0,0,0,0,0,75,0,0,4615,76,0,0,0,0,0,0,0,101,0,0,91,56,0,43,0,0,0,0,0,120,0,0,0,0,0,0,0,0,0,98,0,0,0,0,0,0,0,137,0,0,92,0,0,64,0,0,0,0,0,0,0,0,39,44,0,0,54,0,0,0,0,0,0,48,82,0,0,0,0,0,0,0,22,0,0,0,0,0,0,23,32,25,0,0,0,34,0,0,29,0,0,0,0,22,18,20,14,0,0,0,0,0,0,0,0,0,0,0,9,0,0,23,0,0,7,0,0,0,0,0,10,0,0,0,0,0,0,0,0,0,0,0,32,33,0,16,0,0,0,55,0,0,0,0,22,0,0,0,0,14,0,0,0,0,0,0,0,0,9307,216,0,183,0,374,0,0,0,253,0,161,0,0,0,0,0,0,0,0,0,0
AT	0,0,0,0,0,0,0,0,0,0,0,0,0,0,0,0,0,0,0,0,0,0,0,0,0,62,0,0,0,0,0,50,0,0,0,11,0,0,0,0,0,0,31,0,0,0,0,0,61,0,0,0,0,0,0,62,0,0,12,0,0,0,0,0,0,0,7,0,0,0,0,14,0,0,5,0,0,0,0,0,0,0,0,0,0,0,0,6,0,0,0,0,0,0,0,9,0,0,0,0,0,3,0,0,0,0,0,0,0,0,0,0,0,0,6,0,0,12,17,0,0,0,0,0,0,0,2,0,0,6,3,0,5,0,0,0,0,0,24,0,0,0,0,0,0,0,0,0,6,0,0,0,0,0,0,0,17,0,0,15,0,0,9,0,0,0,0,0,0,0,0,3,5,0,0,6,0,0,0,0,0,0,14,3,0,0,0,0,0,0,0,15,0,0,0,0,0,0,1,2,0,0,0,0,3,0,0,7,0,0,0,0,2,1,1,0,0,0,0,0,0,0,0,0,0,0,0,0,0,0,14,0,0,0,0,0,0,0,0,3,0,0,0,0,0,0,0,0,0,0,0,5,11,0,1,0,0,0,28,0,0,0,0,4,0,0,0,0,4,0,0,0,0,0,0,0,0,232,21,0,128,0,102,0,0,0,20,0,11,0,0,0,0,0,0,0,0,0,0
CA	0,0,0,0,0,0,12,0,48,0,0,0,0,0,11,0,88,0,0,0,50,60,0,0,0,0,0,0,73,74,40,0,0,5,0,0,5,0,40,0,0,0,0,0,0,30,0,0,0,0,0,29,0,0,0,0,0,0,0,0,120,0,34,0,0,0,0,0,0,6,3,0,0,0,0,0,0,0,6,0,0,0,0,11,0,0,0,0,0,0,0,45,0,6,0,0,0,0,9,21,0,0,0,6,0,0,0,0,0,0,10,16,0,10,0,18,0,0,0,0,0,0,12,0,0,5,0,0,20,0,0,0,0,0,0,0,0,0,0,103,36,0,14,40,105,0,0,0,0,0,6,0,0,0,0,0,0,7,13,0,34,27,0,0,0,0,0,0,5,848,0,0,0,0,0,0,0,0,0,0,0,0,0,0,20,4,0,0,5,36,9,0,0,0,0,9,0,0,0,0,0,2,0,0,0,0,11,0,0,0,0,13,0,0,0,0,0,0,2,8,7,0,0,0,0,0,0,0,0,2,0,0,0,0,0,0,0,0,0,0,0,19,0,0,0,0,1,0,0,0,0,0,0,0,0,0,3,7,0,19,0,0,0,0,3,0,7,6,0,0,2,10,0,0,0,0,77,0,0,137,0,0,0,0,365,0,0,0,0,73,165,37,268,0,0,3,0,0,0
CG	0,0,0,0,0,0,8,0,7,0,0,0,0,0,36,0,3161,0,0,0,13,19,0,0,0,0,0,0,111,101,44,0,0,7,0,0,5,0,71,0,0,0,0,0,0,35,0,0,0,0,0,8,0,0,0,0,0,0,0,0,370,0,18,0,0,0,0,0,0,6,2,0,0,0,0,0,0,0,11,0,0,0,0,2,0,0,0,0,0,0,0,9,0,8,0,0,0,0,33,3,0,0,0,2,0,0,0,0,0,0,5,16,0,3,0,0,0,0,0,0,0,0,0,0,0,2,0,0,4,0,0,0,0,0,0,0,0,0,0,4,14,0,11,5,10,0,0,0,0,0,9,0,0,0,0,0,0,1,11,0,3,2,0,0,0,0,0,0,4,2,0,0,0,0,0,0,0,0,0,0,0,0,0,0,3,3,0,0,1,2,3,0,0,0,0,2,0,0,0,0,0,0,0,0,0,0,0,0,0,0,0,0,0,0,0,0,1,0,0,0,0,0,0,0,2,0,0,0,0,0,0,0,0,0,0,0,0,0,0,0,0,0,0,0,0,0,0,0,0,0,0,0,0,0,0,0,9,3,0,29,0,0,7,0,0,0,5,1,0,0,1,0,0,0,0,0,189,0,0,74,0,0,0,0,747,0,0,0,0,51,154,71,140,0,0,4,0,0,0
CT	0,0,0,0,0,0,227,0,2318,0,0,0,0,0,1107,0,440,0,0,0,141,151,0,0,0,0,0,0,531,618,382,0,0,22,0,0,20,0,524,0,0,0,0,0,0,122,0,0,0,0,0,50,0,0,0,0,0,0,0,0,1987,0,151,0,0,0,0,0,0,2465,40,0,0,0,0,0,0,0,17,0,0,0,0,21,0,0,0,0,0,0,0,779,0,27,0,0,0,0,40,52,0,0,0,12,0,0,0,0,0,0,34,197,0,24,0,21,0,0,0,0,0,0,50,0,0,37,0,0,23,0,0,0,0,0,0,0,0,0,0,14,34,0,14,20,33,0,0,0,0,0,40,0,0,0,0,0,0,28,39,0,23,18,0,0,0,0,0,0,33,14,0,0,0,0,0,0,0,0,0,0,0,0,0,0,13,30,0,0,14,10,13,0,0,0,0,9,0,0,0,0,0,8,0,0,0,0,25,0,0,0,0,5,0,0,0,0,2,0,1,7,15,0,0,0,11,0,0,0,0,5,0,0,0,0,0,0,0,0,0,0,0,19,0,15,0,9,6,0,0,0,0,0,0,0,0,0,18,25,0,404,0,0,35,0,12,0,10,52,0,0,62,5,0,0,0,0,1100,0,0,261,0,0,0,0,7284,0,0,0,0,243,19509,471,6276,0,0,94,0,0,0
GA	0,0,0,346,9,26,0,365,0,82,46,0,49,73,0,1209,0,1450,0,677,0,0,0,641,0,0,5793,0,0,0,0,0,14,0,0,0,0,0,0,613,148,68,0,130,187,0,0,254,0,158,247,0,0,319,369,0,193,7294,0,0,0,1804,0,0,0,29,0,864,0,0,0,0,32,34,0,23,0,0,0,0,78,28,34,0,0,23,0,0,39,0,34,0,58,0,0,0,0,47,0,0,53,0,0,0,100,55,32,0,35,0,0,0,99,0,0,0,0,0,0,30,0,0,0,54,50,0,0,0,0,0,0,0,0,0,47,46,0,45,0,0,0,0,0,0,0,56,43,37,0,39,0,56,41,41,35,50,0,0,0,0,0,0,0,54,22,0,0,37,0,0,0,0,0,28,30,0,19,63,44,62,0,16,0,0,0,0,23,20,0,0,0,0,23,13,0,0,27,13,0,0,0,0,21,12,0,70,0,0,21,34,0,0,0,0,0,0,0,0,0,0,0,11,0,9,0,0,6,0,0,0,0,7,0,0,4,0,16,6,9,0,0,0,23,0,24,0,0,0,19,0,15,0,0,0,0,33,0,0,0,0,0,13,0,0,0,0,0,0,0,6,0,0,0,16,0,63,0,0,0,0,0,0,0,440,0,6439,0,434,0,0,0,0,0,4614,0,0,0,0,0
GC	0,0,0,30,0,3,0,6,0,16,7,0,1,9,0,40,0,61,0,43,0,0,0,117,0,0,112,0,0,0,0,0,14,0,0,0,0,0,0,91,6,28,0,27,56,0,0,52,0,28,27,0,0,177,43,0,98,26,0,0,0,2554,0,0,0,17,0,10,0,0,0,0,2,5,0,1,0,0,0,0,2,2,5,0,0,0,0,0,3,0,1,0,4,0,0,0,0,5,0,0,6,0,0,0,7,8,9,0,323,0,0,0,1547,0,0,0,0,0,0,4,0,0,0,4,1,0,0,0,0,0,0,0,0,0,5,4,0,4,0,0,0,0,0,0,0,13,6,1,0,1,0,5,3,2,3,4,0,0,0,0,0,0,0,3,1,0,0,0,0,0,0,0,0,0,1,0,0,1,12,41,0,3,0,0,0,0,2,1,0,0,0,0,1,2,0,0,1,0,0,0,0,0,2,1,0,16,0,0,2,1,0,0,0,0,0,0,0,0,0,0,0,0,0,0,0,0,1,0,0,0,0,4,0,0,0,0,0,3,0,0,0,0,0,0,1,0,0,0,2,0,2,0,0,0,0,2,0,0,0,0,0,15,0,0,0,0,0,0,0,1,0,0,0,0,0,18,0,0,0,0,0,0,0,150,0,873,0,47,0,0,0,0,0,89,0,0,0,0,0
GT	0,0,0,12,4,4,0,37,0,13,9,0,17,13,0,138,0,40,0,70,0,0,0,78,0,0,111,0,0,0,0,0,10,0,0,0,0,0,0,85,23,15,0,24,58,0,0,12,0,33,67,0,0,215,34,0,77,28,0,0,0,188,0,0,0,5,0,7,0,0,0,0,8,2,0,10,0,0,0,0,4,3,9,0,0,3,0,0,2,0,5,0,3,0,0,0,0,11,0,0,40,0,0,0,12,15,3,0,7,0,0,0,101,0,0,0,0,0,0,30,0,0,0,7,4,0,0,0,0,0,0,0,0,0,14,3,0,8,0,0,0,0,0,0,0,14,10,8,0,5,0,10,13,13,11,4,0,0,0,0,0,0,0,6,7,0,0,13,0,0,0,0,0,2,5,0,7,15,8,3,0,4,0,0,0,0,7,5,0,0,0,0,4,1,0,0,2,1,0,0,0,0,5,2,0,1,0,0,2,1,0,0,0,0,0,0,0,0,0,0,0,3,0,0,0,0,1,0,0,0,0,2,0,0,2,0,1,1,2,0,0,0,31,0,3,0,0,0,1,0,1,0,0,0,0,1,0,0,0,0,0,5,0,0,0,0,0,0,0,2,0,0,0,3,0,34,0,0,0,0,0,0,0,59,0,156,0,30,0,0,0,0,0,194,0,0,0,0,0
TA	0,0,0,0,0,0,0,0,0,0,0,7,0,0,0,0,0,0,54,0,0,0,40,0,40,0,0,54,0,0,0,0,0,0,36,0,0,14,0,0,0,0,0,0,0,0,103,0,0,0,0,0,11873,0,0,0,0,0,0,39,0,0,0,111,8,0,0,0,37,0,0,0,0,0,0,0,8,27,0,35,0,0,0,0,14,0,8,0,0,13,0,0,0,0,13,0,11,0,0,0,0,0,8,0,0,0,0,9,0,9,0,0,0,0,0,0,11,0,0,0,14,17,0,0,0,0,0,5,0,0,0,25,0,16,0,0,12,0,0,0,0,8,0,0,0,0,0,0,0,0,0,0,0,0,0,0,0,0,0,0,0,0,0,0,0,10,2,0,0,0,6,0,0,0,0,0,0,0,0,0,6,0,0,0,0,0,0,0,0,0,0,0,0,0,8,0,0,0,0,0,0,0,0,0,0,0,0,0,0,0,6,0,0,0,0,0,0,3,0,0,0,0,3,0,0,4,0,0,2,0,0,0,6,0,0,8,0,0,0,0,2,0,0,0,0,0,0,3,0,0,0,0,0,4,0,0,0,0,0,0,15,0,0,0,0,7,0,0,0,0,0,0,10,0,0,0,0,0,0,0,0,1199,0,0,0,0,0,0,0,0,0,0,0,0,110,0,0,0,0
TC	0,0,0,0,0,0,0,0,0,0,0,21,0,0,0,0,0,0,2973,0,0,0,98,0,293,0,0,225,0,0,0,0,0,0,23,0,0,51,0,0,0,0,0,0,0,0,203,0,0,0,0,0,100,0,0,0,0,0,0,112,0,0,0,107,71,0,0,0,852,0,0,0,0,0,0,0,52,48,0,48,0,0,0,0,115,0,129,0,0,76,0,0,0,0,74,0,100,0,0,0,0,0,74,0,0,0,0,110,0,102,0,0,0,0,0,0,77,0,0,0,91,83,0,0,0,0,0,93,0,0,0,54,0,97,0,0,159,0,0,0,0,151,0,0,0,0,0,0,0,0,0,0,0,0,0,0,0,0,0,0,0,0,0,0,0,82,69,0,0,0,73,0,0,0,0,0,0,0,0,0,59,0,0,0,0,0,0,0,0,0,0,0,0,0,17,0,0,0,0,0,0,0,0,0,0,0,0,0,0,0,28,0,0,0,0,0,0,18,0,0,0,0,7,0,0,21,0,0,19,0,0,0,13,0,0,39,0,0,0,0,18,0,0,0,0,0,0,22,0,37,0,0,0,39,0,0,0,0,0,0,71,0,0,0,0,30,0,0,0,0,0,0,20,0,0,0,0,0,0,0,0,1627,0,0,0,0,0,0,0,0,0,0,0,0,118,0,0,0,0
TG	0,0,0,0,0,0,0,0,0,0,0,7,0,0,0,0,0,0,46,0,0,0,16,0,22,0,0,53,0,0,0,0,0,0,11,0,0,10,0,0,0,0,0,0,0,0,39,0,0,0,0,0,291,0,0,0,0,0,0,19,0,0,0,111,21,0,0,0,47,0,0,0,0,0,0,0,58,4,0,23,0,0,0,0,7,0,7,0,0,3,0,0,0,0,7,0,5,0,0,0,0,0,2,0,0,0,0,59,0,4,0,0,0,0,0,0,3,0,0,0,7,1,0,0,0,0,0,4,0,0,0,2,0,6,0,0,5,0,0,0,0,4,0,0,0,0,0,0,0,0,0,0,0,0,0,0,0,0,0,0,0,0,0,0,0,4,1,0,0,0,11,0,0,0,0,0,0,0,0,0,12,0,0,0,0,0,0,0,0,0,0,0,0,0,5,0,0,0,0,0,0,0,0,0,0,0,0,0,0,0,1,0,0,0,0,0,0,0,0,0,0,0,0,0,0,1,0,0,0,0,0,0,1,0,0,5,0,0,0,0,1,0,0,0,0,0,0,1,0,3,0,0,0,9,0,0,0,0,0,0,14,0,0,0,0,1,0,0,0,0,0,0,3,0,0,0,0,0,0,0,0,28392,0,0,0,0,0,0,0,0,0,0,0,0,17,0,0,0,0
ins	0,0,0,0,0,0,0,0,0,0,0,0,9,2,28,0,3,0,8,11,2,8,3,15,18,2,6,66,0,3,2,3,3,0,3,0,73,4,14,2,9,0,5,2,0,23,5,0,1,0,2,12,3,5,10,1,5,6,23,3,4,1,1,2,0,2,2,0,0,2,3,1,0,1,3,0,1,1,0,0,15,0,0,0,0,1,0,0,0,5,0,1,0,0,0,0,1,0,3,2,0,0,0,1,0,0,0,0,0,2,0,14,60,1,2,1,62,0,0,3,1,0,0,0,0,1,0,0,0,2,0,0,0,0,0,0,0,0,0,0,0,1,0,0,7,0,0,0,0,0,33,1,0,0,0,0,0,0,0,0,0,0,0,0,0,0,0,0,0,0,3,0,0,0,2,6,0,0,1,0,1,0,0,0,0,0,0,0,1,1,0,0,0,0,1,1,0,0,0,0,1,1,0,0,0,0,0,0,0,0,0,67,0,2,0,0,0,0,0,0,0,0,1,0,0,0,1,0,0,0,0,0,0,0,0,7,0,0,0,0,0,1,0,0,0,0,0,1,1,0,3,0,0,92,7,0,1,0,0,1,0,2,0,0,0,0,0,1,0,0,0,0,10,0,3,9,8,3,9,297,7,42,9,3,20,5,0,6,4,42,1,0,6,0,0,0,0,0,0
del	0,0,0,0,0,0,1,2,2,0,1,1,0,1,5,5,24,9,25,39,18,7,2,11,3,6,26,9,0,2,41,2,2,7,82,16,10,10,17,10,12,45,21,7,10,44,56,16,20,15,18,17,60,29,29,26,23,36,5,0,2,16,3,2,8,1,3,20,14,0,16,1,0,8,14,12,14,528,15,1,0,0,6,1,0,2,1,1,1,5,4,4,69,70,4,15,11,17,5,37,2,2,30,5,4,2,14,141,21,21,12,113,1967,1901,7,7,1,2,9,4,2,52,1,1,1,0,0,1,1,1,1,1,192,192,0,2,3,0,0,0,0,5,1,1,5,0,1,11,3,2,12,3,3,2,2,73,0,0,32,1,0,17,1,0,16,0,2,1,1,8,2,0,11,0,2,10,4,2,0,8,6,6,1,4,0,2,0,2,0,0,22,1,0,5,0,0,1,1,0,0,1,0,0,0,0,0,0,1,0,0,0,2,1,0,48,55,1,0,0,0,2,0,0,0,0,0,0,1,1,0,1,1,1,4,3,4,1,0,8,1,4,0,6,2,58,58,2,3,2,4,4,2,12,2,3,86,85,89,0,0,0,3,2,1,1,1,0,1,1,0,0,0,0,0,0,69,8,13,38,14,12,502,449,35,21,33,5,23,16,2,0,0,5,0,0,0,0,0,0

7SK
AC	0,0,0,0,0,0,0,0,0,0,0,0,0,0,0,0,0,0,0,0,0,0,0,0,0,0,0,0,0,0,0,0,0,0,0,0,0,0,0,0,0,0,0,0,0,0,0,0,0,0,0,0,0,0,0,1,0,0,0,0,0,0,0,0,1,0,0,0,0,0,0,0,0,0,0,0,1,0,0,0,0,0,0,0,0,0,0,0,0,0,0,0,0,0,0,0,0,0,0,0,3,0,0,0,0,0,0,0,2,0,0,0,0,0,0,0,0,0,0,0,0,0,0,0,2,0,0,0,0,0,0,0,0,0,0,0,0,0,0,0,0,0,0,0,0,0,0,0,1,0,0,1,0,0,0,0,0,0,0,0,0,0,0,0,0,0,0,0,0,0,0,0,0,0,0,0,0,0,0,0,0,0,0,0,0,0,0,0,0,0,0,0,0,0,0,0,1,0,0,0,0,0,0,0,0,0,0,0,0,0,0,0,0,0,0,0,0,0,0,0,0,0,0,0,0,0,0,0,0,0,0,0,0,0,0,0,0,0,0,0,0,0,0,0,0,0,0,0,0,0,0,0,0,0,0,0,0,0,0,0,0,0,0,0,0,0,0,0,0,0,0,0,0,0,0,0,0,0,0,0,0,0,0,0,0,0,0,0,0,0,0,0,0,0,0,0,0,0,0,0,0,0,0,0,0,0,0,0,0,0,0,0,0,0,0,0,0,0,0,0,0,0,0,0,0,0,0,0,0,0,0
AG	0,0,0,0,0,0,0,0,0,0,0,0,0,0,0,0,0,0,0,0,0,0,0,0,0,0,2,0,0,0,0,0,0,5,0,0,0,0,1,0,0,0,3,0,0,0,0,0,3,0,0,0,0,0,0,1,0,0,0,0,0,0,0,0,7,0,0,0,0,0,0,0,0,0,0,0,5,0,0,0,0,0,0,0,0,0,0,0,0,0,0,0,0,0,0,0,0,0,0,0,11,0,0,0,0,0,0,0,6,0,0,0,0,0,0,0,0,0,0,0,0,0,0,0,7,2,0,0,0,0,0,0,0,0,0,0,0,0,0,0,0,0,1,3,0,5,0,0,4,0,0,5,0,0,0,0,0,0,0,0,0,0,0,1,0,0,0,0,1,0,0,1,0,0,0,0,0,0,0,0,0,0,0,0,0,1,0,0,0,0,0,0,0,0,0,0,0,0,0,0,0,0,0,0,0,0,0,0,0,0,0,0,0,0,0,0,0,0,0,0,0,0,0,0,0,0,0,0,0,0,0,0,0,0,0,0,0,0,0,0,0,0,0,0,0,0,0,0,0,0,0,0,0,0,0,0,0,0,0,0,0,0,0,0,0,0,0,0,0,0,0,0,0,0,0,0,0,0,0,0,0,0,0,0,0,0,0,0,0,0,0,0,0,0,0,0,0,0,0,0,0,0,0,0,0,0,0,0,0,0,0,0,0,0,0,0,0,0,0,0,0,0,0,0,0,0,0,0,0,0,0
AT	0,0,0,0,0,0,0,0,0,0,0,0,0,0,0,0,0,0,0,0,0,0,0,0,0,0,0,0,0,0,0,0,0,0,0,0,0,0,0,0,0,0,0,0,0,0,0,0,0,0,0,0,0,0,0,8,0,0,0,0,0,0,0,0,0,0,0,0,0,0,0,0,0,0,0,0,2,0,0,0,0,0,0,0,0,0,0,0,0,0,0,0,0,0,0,0,0,0,0,0,5,0,0,0,0,0,0,0,1,0,0,0,0,0,0,0,0,0,0,0,0,0,0,0,0,0,0,0,0,0,0,0,0,0,0,0,0,0,0,0,0,0,1,1,0,1,0,0,0,0,0,0,0,0,1,0,0,0,0,0,0,0,0,0,0,0,0,0,0,0,0,0,0,0,0,0,0,0,0,0,0,0,0,0,0,0,0,0,0,0,0,0,0,0,0,0,0,0,0,0,0,0,0,0,0,0,0,0,0,0,0,0,0,0,0,0,0,0,0,0,0,0,0,0,0,0,0,0,0,0,0,0,0,0,0,0,0,0,0,0,0,0,0,0,0,0,0,0,0,0,0,0,0,0,0,0,0,0,0,0,0,0,0,0,0,0,0,0,0,0,0,0,0,0,0,0,0,0,0,0,0,0,0,0,0,0,0,0,0,0,0,0,0,0,0,0,0,0,0,0,0,0,0,0,0,0,0,0,0,0,0,0,0,0,0,0,0,0,0,0,0,0,0,0,0,0,0,0,0,0,0
CA	0,0,0,0,0,0,0,0,0,0,0,0,0,0,0,0,0,0,0,0,0,0,0,0,0,1,0,0,2,0,0,0,0,0,0,0,0,0,0,0,0,0,0,0,1,0,0,2,0,0,0,0,0,0,0,0,0,0,0,0,0,0,0,0,0,0,1,0,0,0,0,0,0,0,0,0,0,0,0,0,0,0,0,0,0,0,0,1,0,65,0,0,3,1,0,1,0,0,0,1,0,0,3,0,2,0,0,0,0,0,0,0,0,2,0,0,0,0,1,0,1,0,0,0,0,0,0,0,0,0,0,0,4,0,0,0,2,0,0,0,1,0,0,0,0,0,0,0,0,4,0,0,0,0,0,0,0,0,8,15,0,0,0,0,0,0,0,0,0,0,0,0,2,1,0,0,0,0,0,0,0,0,0,0,0,0,0,0,0,0,0,0,0,0,0,0,0,0,0,0,0,0,0,0,0,0,0,0,0,0,0,0,0,0,0,0,0,0,0,0,0,0,0,0,0,0,0,0,0,0,0,0,0,0,0,0,0,0,0,0,0,0,0,0,0,0,0,0,0,0,0,0,0,0,0,0,0,0,0,0,0,0,0,0,0,0,0,0,0,0,0,0,0,0,0,0,0,0,0,0,0,0,0,0,0,0,0,0,0,0,0,0,0,0,0,0,0,0,0,0,0,0,0,0,0,0,0,0,0,0,0,0,0,0,0,0,0,0,0,0,0,0,0,0,0,0,0,0,0,0,0
CG	0,0,0,0,0,0,0,0,0,0,0,5,0,0,0,0,0,0,0,0,0,0,1,0,0,0,0,0,0,0,0,0,0,0,0,0,0,0,0,0,0,0,0,0,0,0,0,0,0,0,0,0,0,0,0,0,0,0,0,0,0,0,0,0,0,0,0,0,0,0,1,0,0,0,1,0,0,0,0,3,0,0,0,0,0,0,1,1,1,7,0,0,1,0,0,1,0,0,0,0,0,1,0,0,0,0,0,0,0,0,0,0,0,0,0,0,0,0,1,0,0,0,0,0,0,0,0,0,0,0,0,0,0,0,0,0,0,0,0,0,0,0,0,0,0,0,0,0,0,0,0,0,0,0,0,0,0,0,0,0,0,0,0,0,0,0,0,0,0,0,0,0,0,0,0,0,0,0,0,0,0,0,0,0,0,0,0,0,0,0,0,0,0,0,0,0,0,0,0,0,0,0,0,0,0,0,0,0,0,0,0,0,0,0,0,0,0,0,0,0,0,0,0,0,0,0,0,0,0,0,0,0,0,0,0,0,0,0,0,0,0,0,0,0,0,0,0,0,0,0,0,0,0,0,0,0,0,0,0,0,0,0,0,0,0,0,0,0,0,0,0,0,0,0,0,0,0,0,0,0,0,0,0,0,0,0,0,0,0,0,0,0,0,0,0,0,0,0,0,0,0,0,0,0,0,0,0,0,0,0,0,0,0,0,0,0,0,0,0,0,0,0,0,0,0,0,0,0,0,0,0
CT	0,0,0,0,0,0,0,0,0,0,0,16,0,0,0,0,0,0,0,1,0,0,18,0,0,2,0,0,0,0,0,0,7,0,3,2,0,0,0,0,0,0,0,0,11,0,1,3,0,0,0,0,0,0,0,0,0,0,17,0,0,0,0,0,0,0,1,0,0,0,10,0,0,0,4,0,0,0,0,13,0,0,0,0,0,0,1,6,4,3,0,0,4,17,0,16,3,1,0,10,0,0,20,0,1,0,6,7,0,0,0,0,0,11,0,0,2,3,2,0,1,4,15,0,0,0,0,4,0,0,7,0,11,0,0,0,2,0,0,0,3,0,0,0,0,0,0,0,0,6,0,0,2,1,0,0,2,3,0,4,0,0,0,0,0,0,0,0,0,0,0,0,0,4,0,0,0,1,0,0,3,0,0,0,0,0,0,0,0,0,0,0,0,0,3,0,0,0,0,0,0,0,0,0,1,0,0,0,0,0,0,0,0,0,0,0,0,0,0,0,0,0,0,0,0,0,0,0,0,0,0,0,0,0,0,0,0,0,0,0,0,0,0,0,0,0,0,0,0,0,0,0,0,0,0,0,0,0,0,0,0,0,0,0,0,0,0,0,0,0,0,0,0,0,0,0,0,0,0,0,0,0,0,0,0,0,0,0,0,0,0,0,0,0,0,0,0,0,0,0,0,0,0,0,0,0,0,0,0,0,0,0,0,0,0,0,0,0,0,0,0,0,0,0,0,0,0,0,0,0,0
GA	0,0,0,0,3,0,1,0,0,0,3,0,4,0,0,0,0,1,0,0,0,0,0,14,0,0,0,0,0,0,1,0,0,0,0,0,0,0,0,0,0,4,0,0,0,15,0,0,0,7,2,1,0,0,0,0,0,0,0,19,4,0,0,2,0,0,0,0,2,5,0,0,2,5,0,0,0,17,6,0,23,3,2,0,11,0,0,0,0,0,0,0,0,0,0,0,0,0,0,0,0,0,0,18,0,0,0,0,0,0,2,0,4,0,14,0,0,0,0,0,0,0,0,8,0,0,8,0,0,3,0,11,0,7,0,0,0,6,0,0,0,8,0,0,3,0,2,1,0,0,2,0,0,0,0,0,0,0,0,0,2,0,0,0,0,0,1,0,0,0,0,0,0,0,0,0,0,0,0,0,0,0,3,0,0,0,0,1,0,1,0,0,0,0,0,1,0,0,0,0,0,0,0,0,0,0,0,0,0,0,0,0,0,0,0,0,0,0,0,0,0,0,0,0,0,0,0,0,0,0,0,0,0,0,0,0,0,0,0,0,0,0,0,0,0,0,0,0,0,0,0,0,0,0,0,0,0,0,0,0,0,0,0,0,0,0,0,0,0,0,0,0,0,0,0,0,0,0,0,0,0,0,0,0,0,0,0,0,0,0,0,0,0,0,0,0,0,0,0,0,0,0,0,0,0,0,0,0,0,0,0,0,0,0,0,0,0,0,0,0,0,0,0,0,0,0,0,0,0,0,0
GC	0,0,0,0,0,0,0,0,0,0,1,0,1,0,0,0,0,0,0,0,0,0,0,0,0,0,0,0,0,0,1,0,0,0,0,0,0,0,0,0,0,0,0,0,0,1,0,0,0,0,0,0,0,0,2,0,0,0,0,0,0,0,0,0,0,0,0,0,4,0,0,0,0,0,0,0,0,0,0,0,1,0,2,0,0,0,0,0,0,0,0,0,0,0,0,0,0,0,0,0,0,0,0,2,0,0,0,0,0,0,0,0,0,0,2,0,0,0,0,0,0,0,0,0,0,0,0,0,0,0,0,0,0,0,0,0,0,0,0,0,0,0,0,0,0,0,0,0,0,0,0,0,0,0,0,0,0,0,0,0,0,0,0,0,0,0,0,1,0,0,0,0,0,0,0,0,0,0,0,0,0,0,0,0,0,0,0,0,0,0,0,0,0,0,0,0,0,0,0,0,0,0,0,0,0,0,0,0,0,0,0,0,0,0,0,0,0,0,0,0,0,0,0,0,0,0,0,0,0,0,0,0,0,0,0,0,0,0,0,0,0,0,0,0,0,0,0,0,0,0,0,0,0,0,0,0,0,0,0,0,0,0,0,0,0,0,0,0,0,0,0,0,0,0,0,0,0,0,0,0,0,0,0,0,0,0,0,0,0,0,0,0,0,0,0,0,0,0,0,0,0,0,0,0,0,0,0,0,0,0,0,0,0,0,0,0,0,0,0,0,0,0,0,0,0,0,0,0,0,0,0
GT	0,0,0,0,0,0,0,0,0,1,0,0,0,0,0,0,0,0,1,0,0,0,0,0,0,0,0,0,0,0,0,0,0,0,0,0,0,0,0,0,0,0,0,0,0,3,0,0,0,1,0,1,0,0,2,0,0,0,0,1,1,0,0,0,0,0,0,0,3,10,0,0,1,4,0,0,0,1,0,0,1,0,2,0,8,0,0,0,0,0,0,0,0,0,0,0,0,0,0,0,0,0,0,0,0,0,0,0,0,0,0,0,0,0,2,0,0,0,0,0,0,0,0,0,0,0,0,0,0,0,0,0,0,2,0,0,0,1,0,0,0,0,0,0,0,0,0,1,0,0,1,0,0,0,0,0,0,0,0,0,1,0,0,0,0,0,0,0,0,0,0,0,0,0,0,0,0,0,0,0,0,0,0,0,0,0,0,0,0,0,0,0,0,0,0,0,0,0,0,0,0,0,0,0,0,0,0,0,0,0,0,0,0,0,0,0,0,0,0,0,0,0,0,0,0,0,0,0,0,0,0,0,0,0,0,0,0,0,0,0,0,0,0,0,0,0,0,0,0,0,0,0,0,0,0,0,0,0,0,0,0,0,0,0,0,0,0,0,0,0,0,0,0,0,0,0,0,0,0,0,0,0,0,0,0,0,0,0,0,0,0,0,0,0,0,0,0,0,0,0,0,0,0,0,0,0,0,0,0,0,0,0,0,0,0,0,0,0,0,0,0,0,0,0,0,0,0,0,0,0,0
TA	0,0,0,1,0,0,0,0,0,0,0,0,0,0,0,0,0,0,0,0,0,0,0,0,0,0,0,0,0,0,0,1,0,0,0,0,0,0,0,0,1,0,0,0,0,0,0,0,0,0,0,0,0,0,0,0,10,1,0,0,0,0,1,0,0,0,0,2,0,0,0,0,0,0,0,0,0,0,0,0,0,0,0,2,0,0,0,0,0,0,1,2,0,0,5,0,0,0,6,0,0,0,0,0,0,0,0,0,0,3,0,0,0,0,0,1,0,0,0,0,0,0,0,0,0,0,0,0,0,0,0,0,0,0,0,0,0,0,0,0,0,0,0,0,0,0,0,0,0,0,0,0,0,0,0,3,0,0,0,0,0,0,0,0,0,0,0,0,0,0,0,0,0,0,0,0,0,0,0,0,0,0,0,0,0,0,0,0,0,0,3,0,0,0,0,0,0,0,0,0,0,0,0,0,0,0,0,0,0,0,0,0,0,0,0,0,0,0,0,0,0,0,0,0,0,0,0,0,0,0,0,0,0,0,0,0,0,0,0,0,0,0,0,0,0,0,0,0,0,0,0,0,0,0,0,0,0,0,0,0,0,0,0,0,0,0,0,0,0,0,0,0,0,0,0,0,0,0,0,0,0,0,0,0,0,0,0,0,0,0,0,0,0,0,0,0,0,0,0,0,0,0,0,0,0,0,0,0,0,0,0,0,0,0,0,0,0,0,0,0,0,0,0,0,0,0,0,0,0,0,0
TC	0,0,0,0,0,0,0,0,0,0,0,0,0,0,0,0,0,0,0,0,1,0,0,0,0,0,0,2,0,4,0,1,0,0,0,0,0,0,0,5,2,0,0,2,0,0,0,0,0,0,0,0,3,1,0,0,0,1,0,0,0,0,3,0,0,5,0,5,0,0,0,7,0,0,0,8,0,0,0,0,0,0,0,21,0,26,0,0,0,0,27,73,0,0,36,0,0,0,13,0,0,0,0,0,0,18,0,0,0,9,0,6,0,0,0,14,0,0,0,4,0,0,0,0,0,0,0,0,9,0,0,0,0,0,0,3,0,0,0,7,0,0,0,0,0,0,0,0,0,0,0,0,0,0,0,2,0,0,0,0,0,0,0,0,0,0,0,0,0,0,0,0,0,0,0,0,0,0,1,0,0,0,0,1,0,0,0,0,0,0,0,0,0,0,0,0,0,0,0,0,0,0,0,0,0,0,0,0,0,0,0,0,0,0,0,0,0,0,0,0,0,0,0,0,0,0,0,0,0,0,0,0,0,0,0,0,0,0,0,0,0,0,0,0,0,0,0,0,0,0,0,0,0,0,0,0,0,0,0,0,0,0,0,0,0,0,0,0,0,0,0,0,0,0,0,0,0,0,0,0,0,0,0,0,0,0,0,0,0,0,0,0,0,0,0,0,0,0,0,0,0,0,0,0,0,0,0,0,0,0,0,0,0,0,0,0,0,0,0,0,0,0,0,0,0,0,0,0,0,0,0
TG	0,0,0,0,0,0,0,0,0,0,0,0,0,0,0,0,0,0,0,0,0,0,0,0,0,0,0,0,0,0,0,0,0,0,0,0,0,0,0,0,0,0,0,0,0,0,0,0,0,0,0,0,0,0,0,0,1,0,0,0,0,0,0,0,0,0,0,1,0,0,0,0,0,0,0,0,0,0,0,0,0,0,0,30,0,0,0,0,0,0,7,0,0,0,0,0,0,0,2,0,0,0,0,0,0,2,0,0,0,1,0,0,0,0,0,0,0,0,0,0,0,0,0,0,0,0,0,0,0,0,0,0,0,0,0,0,0,0,0,0,0,0,0,0,0,0,0,0,0,0,0,0,0,0,0,0,0,0,0,0,0,0,0,0,0,0,0,0,0,0,0,0,0,0,0,0,0,0,1,0,0,0,0,0,0,0,0,0,0,0,1,0,0,0,0,0,0,0,0,0,0,0,0,0,0,0,0,0,0,0,0,0,0,0,0,0,0,0,0,0,0,0,0,0,0,0,0,0,0,0,0,0,0,0,0,0,0,0,0,0,0,0,0,0,0,0,0,0,0,0,0,0,0,0,0,0,0,0,0,0,0,0,0,0,0,0,0,0,0,0,0,0,0,0,0,0,0,0,0,0,0,0,0,0,0,0,0,0,0,0,0,0,0,0,0,0,0,0,0,0,0,0,0,0,0,0,0,0,0,0,0,0,0,0,0,0,0,0,0,0,0,0,0,0,0,0,0,0,0,0,0
ins	0,0,0,0,0,0,0,0,0,0,0,0,0,0,0,0,0,0,0,0,0,0,0,0,0,0,0,0,0,0,0,0,0,0,0,0,0,0,0,0,0,0,0,0,0,0,0,0,0,0,0,0,0,0,0,0,0,0,1,0,0,0,0,0,0,0,0,0,0,0,0,0,0,0,0,0,0,0,0,0,0,0,0,0,0,0,0,0,0,0,0,0,0,1,0,0,0,0,0,0,0,0,0,0,0,0,0,0,0,1,0,0,0,0,0,0,0,0,0,0,0,0,0,0,0,0,0,0,0,0,192,0,0,0,0,0,0,0,0,0,0,2,0,0,0,0,0,0,0,0,0,0,0,0,0,0,0,0,0,0,0,0,0,0,0,0,0,0,0,0,0,0,0,0,0,0,0,0,0,0,0,0,0,0,0,0,0,0,0,0,0,0,0,0,0,0,0,0,0,0,0,0,0,0,0,0,0,0,0,0,0,0,0,0,0,0,0,0,0,0,0,0,0,0,0,0,0,0,0,0,0,0,0,0,0,0,0,0,0,0,0,0,0,0,0,0,0,0,0,0,0,0,0,0,0,0,0,0,0,0,0,0,0,0,0,0,0,0,0,0,0,0,0,0,0,0,0,0,0,0,0,0,0,0,0,0,0,0,0,0,0,0,0,0,0,0,0,0,0,0,0,0,0,0,0,0,0,0,0,0,0,0,0,0,0,0,0,0,0,0,0,0,0,0,0,0,0,0,0,0,0
del	0,0,0,0,0,0,0,0,0,0,0,0,0,0,1,1,0,0,0,0,0,0,0,0,0,0,0,1,2,2,0,0,0,2,2,0,0,0,1,0,0,0,0,0,0,0,0,0,0,0,0,0,0,0,3,3,3,7,0,0,0,0,1,0,0,1,0,0,2,8,0,8,13,15,13,13,9,0,1,0,0,0,0,0,2,0,0,0,0,3,5,58,0,3,9,8,5,4,2,2,1,1,0,1,1,1,0,1,0,0,5,9,10,0,0,0,0,0,1,0,0,0,0,0,0,1,0,0,0,0,0,3,0,210,210,0,0,0,0,0,0,0,0,0,0,2,0,0,0,0,0,0,0,0,0,4,0,0,6,8,0,0,2,0,0,0,0,1,0,0,1,0,0,0,0,0,0,3,1,1,1,0,0,0,0,0,0,0,0,3,0,0,1,1,0,0,0,0,0,0,0,0,0,0,0,0,0,0,0,0,0,0,0,0,0,0,0,0,0,0,0,0,0,0,0,0,0,0,0,0,0,0,0,0,0,0,0,0,0,0,0,0,0,0,0,0,0,0,0,0,0,0,0,0,0,0,0,0,0,0,0,0,0,0,0,0,0,0,0,0,0,0,0,0,0,0,0,0,0,0,0,0,0,0,0,0,0,0,0,0,0,0,0,0,0,0,0,0,0,0,0,0,0,0,0,0,0,0,0,0,0,0,0,0,0,0,0,0,0,0,0,0,0,0,0,0,0,0,0,0,0

SRP_00150.dp
AC	0,0,0,0,0,0,0,0,0,0,0,0,0,0,0,0,0,0,0,0,0,0,0,0,0,109,0,0,0,0,0,48,0,0,0,276,0,0,0,0,0,0,13,0,0,0,0,0,18,0,0,0,0,0,0,71,0,0,36,0,0,0,0,0,0,0,39,0,0,0,0,73,0,0,12,0,0,0,0,0,0,0,0,0,0,0,0,6,0,0,0,0,0,0,0,4,0,0,0,0,0,7,0,0,0,0,0,0,0,0,0,0,0,0,6,0,0,1,4,0,0,0,0,0,0,0,5,0,0,1,4,0,3,0,0,0,0,0,4,0,0,0,0,0,0,0,0,0,1,0,0,0,0,0,0,0,3,0,0,1,0,0,4,0,0,0,0,0,0,0,0,4,3,0,0,3,0,0,0,0,0,0,1,1,0,0,0,0,0,0,0,0,0,0,0,0,0,0,0,1,0,0,0,0,0,0,0,0,0,0,0,0,0,0,0,0,0,0,0,0,0,0,0,0,0,0,0,0,0,0,0,0,0,0,0,0,0,0,0,0,0,0,0,0,0,0,0,0,0,0,0,1,1,0,1,0,0,0,6,0,0,0,0,1,0,0,0,0,1,0,0,0,0,0,0,0,0,7,0,0,2,0,0,0,0,0,1,0,3,0,0,0,0,0,0,0,0,0,0
AG	0,0,0,0,0,0,0,0,0,0,0,0,0,0,0,0,0,0,0,0,0,0,0,0,0,2068,0,0,0,0,0,237,0,0,0,508,0,0,0,0,0,0,169,0,0,0,0,0,202,0,0,0,0,0,0,105,0,0,81,0,0,0,0,0,0,0,410,0,0,0,0,818,0,0,112,0,0,0,0,0,0,0,0,0,0,0,0,60,0,0,0,0,0,0,0,15,0,0,0,0,0,13,0,0,0,0,0,0,0,0,0,0,0,0,11,0,0,21,16,0,0,0,0,0,0,0,22,0,0,20,9,0,9,0,0,0,0,0,21,0,0,0,0,0,0,0,0,0,12,0,0,0,0,0,0,0,21,0,0,17,0,0,16,0,0,0,0,0,0,0,0,3,15,0,0,16,0,0,0,0,0,0,8,11,0,0,0,0,0,0,0,1,0,0,0,0,0,0,2,1,1,0,0,0,2,0,0,4,0,0,0,0,4,1,0,3,0,0,0,0,0,0,0,0,0,0,0,2,0,0,2,0,0,4,0,0,0,0,0,7,0,0,0,0,0,0,0,0,0,0,0,12,5,0,3,0,0,0,8,0,0,0,0,12,0,0,0,0,6,0,0,0,0,0,0,0,0,141,12,0,15,0,11,0,0,0,6,0,7,0,0,0,0,0,0,0,0,0,0
AT	0,0,0,0,0,0,0,0,0,0,0,0,0,0,0,0,0,0,0,0,0,0,0,0,0,146,0,0,0,0,0,145,0,0,0,131,0,0,0,0,0,0,73,0,0,0,0,0,62,0,0,0,0,0,0,100,0,0,28,0,0,0,0,0,0,0,70,0,0,0,0,143,0,0,39,0,0,0,0,0,0,0,0,0,0,0,0,3,0,0,0,0,0,0,0,3,0,0,0,0,0,5,0,0,0,0,0,0,0,0,0,0,0,0,1,0,0,2,0,0,0,0,0,0,0,0,0,0,0,0,2,0,0,0,0,0,0,0,5,0,0,0,0,0,0,0,0,0,3,0,0,0,0,0,0,0,2,0,0,2,0,0,7,0,0,0,0,0,0,0,0,1,2,0,0,1,0,0,0,0,0,0,2,2,0,0,0,0,0,0,0,0,0,0,0,0,0,0,0,0,0,0,0,0,0,0,0,0,0,0,0,0,0,0,0,0,0,0,0,0,0,0,0,0,0,0,0,0,0,0,2,0,0,0,0,0,0,0,0,0,0,0,0,0,0,0,0,0,0,0,0,2,0,0,1,0,0,0,2,0,0,0,0,2,0,0,0,0,2,0,0,0,0,0,0,0,0,6,0,0,2,0,0,0,0,0,11,0,0,0,0,0,0,0,0,0,0,0,0
CA	0,0,0,0,0,0,4,0,13,0,0,0,0,0,22,0,53,0,0,0,24,101,0,0,0,0,0,0,102,111,80,0,0,178,0,0,49,0,381,0,0,0,0,0,0,68,0,0,0,0,0,0,0,0,0,0,0,0,0,0,163,0,152,0,0,0,0,0,103,123,74,0,0,0,0,0,0,0,12,0,0,0,0,13,0,0,0,0,0,0,0,772,0,4,0,0,0,0,3,12,0,0,0,0,0,0,0,0,0,0,2,1,0,3,0,8,0,0,0,0,0,0,4,0,0,3,0,0,2,0,0,0,0,0,0,0,0,0,0,25,8,0,4,11,26,0,0,0,0,0,4,0,0,0,0,0,0,0,3,0,14,9,0,0,0,0,0,0,3,208,0,0,0,0,0,0,0,0,0,0,0,0,0,0,23,1,0,0,0,1,0,0,0,0,0,0,0,0,0,0,0,0,0,0,0,0,0,0,0,0,0,0,0,0,0,0,0,0,0,1,1,0,0,0,0,0,0,0,0,0,0,0,0,0,0,0,0,0,0,0,0,3,0,1,0,1,0,0,0,0,0,0,0,0,0,0,0,2,0,0,0,0,0,0,0,0,0,2,0,0,0,4,0,0,0,0,4,0,0,3,0,0,0,0,9,0,0,0,0,0,1,8,3,0,0,0,0,0,0
CG	0,0,0,0,0,0,1,0,3,0,0,0,0,0,9,0,238,0,0,0,18,11,0,0,0,0,0,0,87,86,71,0,0,189,0,0,71,0,425,0,0,0,0,0,0,72,0,0,0,0,0,0,0,0,0,0,0,0,0,0,515,0,86,0,0,0,0,0,479,34,44,0,0,0,0,0,0,0,68,0,0,0,0,1,0,0,0,0,0,0,0,30,0,8,0,0,0,0,18,1,0,0,0,0,0,0,0,0,0,0,0,1,0,0,0,2,0,0,0,0,0,0,0,0,0,1,0,0,1,0,0,0,0,0,0,0,0,0,0,1,4,0,1,0,2,0,0,0,0,0,1,0,0,0,0,0,0,1,6,0,1,0,0,0,0,0,0,0,2,0,0,0,0,0,0,0,0,0,0,0,0,0,0,0,5,1,0,0,1,0,0,0,0,0,0,0,0,0,0,0,0,1,0,0,0,0,0,0,0,0,0,0,0,0,0,0,0,0,0,0,0,0,0,0,0,0,0,0,0,0,0,0,0,0,0,0,0,0,0,0,0,0,0,1,0,0,0,0,0,0,0,0,0,0,0,0,0,1,0,0,0,0,0,0,0,0,11,2,0,0,0,1,0,0,0,0,7,0,0,1,0,0,0,0,7,0,0,0,0,1,5,5,2,0,0,0,0,0,0
CT	0,0,0,0,0,0,107,0,622,0,0,0,0,0,970,0,770,0,0,0,156,159,0,0,0,0,0,0,746,820,1013,0,0,385,0,0,595,0,4520,0,0,0,0,0,0,221,0,0,0,0,0,0,0,0,0,0,0,0,0,0,2121,0,528,0,0,0,0,0,319,399,661,0,0,0,0,0,0,0,42,0,0,0,0,35,0,0,0,0,0,0,0,143,0,16,0,0,0,0,9,28,0,0,0,0,0,0,0,0,0,0,10,30,0,2,0,5,0,0,0,0,0,0,13,0,0,7,0,0,8,0,0,0,0,0,0,0,0,0,0,5,8,0,0,4,4,0,0,0,0,0,13,0,0,0,0,0,0,5,6,0,8,4,0,0,0,0,0,0,9,4,0,0,0,0,0,0,0,0,0,0,0,0,0,0,6,2,0,0,0,1,2,0,0,0,0,0,0,0,0,0,0,1,0,0,0,0,1,0,0,0,0,0,0,0,0,0,0,0,2,0,2,0,0,0,1,0,0,0,0,0,0,0,0,0,0,0,0,0,0,0,0,4,0,4,0,4,2,0,0,0,0,0,0,0,0,0,4,2,0,7,0,0,2,0,2,0,5,3,0,0,2,2,0,0,0,0,52,0,0,17,0,0,0,0,296,0,0,0,0,7,405,2,318,0,0,0,0,0,0
GA	0,0,0,114,1,3,0,171,0,53,20,0,28,39,0,969,0,1488,0,419,0,0,0,612,0,0,2121,0,0,0,0,0,483,0,0,0,0,0,0,2893,622,321,0,301,380,0,0,458,0,381,343,0,1320,327,285,0,234,1359,0,0,0,3520,0,0,0,390,0,1026,0,0,0,0,234,169,0,150,0,0,0,0,1023,31,24,0,0,45,0,0,26,0,34,0,51,0,0,0,0,13,0,0,19,0,0,1,21,17,4,0,12,0,0,0,19,0,0,0,0,0,0,11,0,0,0,17,10,0,0,0,0,0,0,0,0,0,4,7,0,7,0,0,0,0,0,0,0,14,4,9,0,6,0,21,5,8,2,9,0,0,0,0,0,0,0,8,5,0,0,5,0,0,0,0,0,6,13,0,8,71,53,101,0,5,0,0,0,0,5,0,0,0,0,0,0,0,0,0,2,0,0,0,0,0,1,0,0,0,0,0,1,1,0,0,0,0,0,0,0,0,0,0,0,0,0,1,0,0,0,0,0,0,0,1,0,0,2,0,7,2,2,0,0,0,6,0,4,0,0,0,2,0,1,0,0,0,0,3,0,0,0,0,0,4,0,0,0,0,0,0,0,2,0,0,0,4,0,8,0,0,0,0,0,0,0,17,0,208,0,13,0,0,0,0,0,120,0,0,0,0,0
GC	0,0,0,1,0,0,0,12,0,1,5,0,1,3,0,39,0,42,0,31,0,0,0,121,0,0,118,0,0,0,0,0,185,0,0,0,0,0,0,191,38,78,0,51,62,0,0,53,0,31,71,0,30,30,29,0,24,13,0,0,0,430,0,0,0,149,0,42,0,0,0,0,34,28,0,23,0,0,0,0,2,4,4,0,0,1,0,0,3,0,12,0,2,0,0,0,0,0,0,0,1,0,0,19386,2,0,1,0,59,0,0,0,211,0,0,0,0,0,0,0,0,0,0,0,2,0,0,0,0,0,0,0,0,0,1,0,0,0,0,0,0,0,0,0,0,1,2,0,0,0,0,1,0,1,0,0,0,0,0,0,0,0,0,0,2,0,0,0,0,0,0,0,0,0,0,0,0,1,5,7,0,1,0,0,0,0,0,1,0,0,0,0,0,0,0,0,0,0,0,0,0,0,1,0,0,0,0,0,0,0,0,0,0,0,0,0,0,0,0,0,0,0,0,0,0,0,1,0,0,0,0,0,0,0,0,0,0,0,1,0,0,0,0,0,0,0,0,0,0,0,0,0,0,0,0,0,0,0,0,0,0,0,0,0,0,0,0,0,0,0,0,0,0,1,0,0,0,0,0,0,0,0,0,1,0,13,0,4,0,0,0,0,0,0,0,0,0,0,0
GT	0,0,0,5,0,1,0,16,0,1,4,0,4,6,0,506,0,36,0,71,0,0,0,45,0,0,100,0,0,0,0,0,115,0,0,0,0,0,0,389,94,74,0,82,62,0,0,79,0,83,80,0,51,65,46,0,42,33,0,0,0,273,0,0,0,91,0,127,0,0,0,0,57,31,0,27,0,0,0,0,22,1,10,0,0,15,0,0,3,0,3,0,4,0,0,0,0,3,0,0,8,0,0,11,3,1,3,0,0,0,0,0,18,0,0,0,0,0,0,2,0,0,0,3,1,0,0,0,0,0,0,0,0,0,2,4,0,1,0,0,0,0,0,0,0,2,0,3,0,1,0,0,2,0,2,2,0,0,0,0,0,0,0,1,2,0,0,3,0,0,0,0,0,1,2,0,1,5,1,0,0,2,0,0,0,0,0,0,0,0,0,0,0,0,0,0,0,0,0,0,0,0,0,0,0,0,0,0,0,0,0,0,0,0,0,0,0,0,0,0,0,0,0,0,0,0,1,0,0,0,0,1,0,0,0,0,1,3,0,0,0,0,7,0,0,0,0,0,0,0,0,0,0,0,0,0,0,0,0,0,0,0,0,0,0,0,0,0,0,1,0,0,0,1,0,0,0,0,0,0,0,0,0,3,0,5,0,2,0,0,0,0,0,7,0,0,0,0,0
TA	0,0,0,0,0,0,0,0,0,0,0,1,0,0,0,0,0,0,67,0,0,0,42,0,74,0,0,87,0,0,0,0,0,0,262,0,0,141,0,0,0,0,0,0,0,0,111,0,0,0,0,99,0,0,0,0,0,0,0,24,0,0,0,98,107,0,0,0,0,0,0,0,0,0,0,0,85,11,0,649,0,0,0,0,7,0,15,0,0,6,0,0,0,0,13,0,5,0,0,0,0,0,3,0,0,0,0,2,0,6,0,0,0,0,0,0,2,0,0,0,6,4,0,0,0,0,0,2,0,0,0,2,0,3,0,0,2,0,0,0,0,1,0,0,0,0,0,0,0,0,0,0,0,0,0,0,0,0,0,0,0,0,0,0,0,2,2,0,0,0,3,0,0,0,0,0,0,0,0,0,16,0,0,0,0,0,0,0,0,0,0,0,0,0,0,0,0,0,0,0,0,0,0,0,0,0,0,0,0,0,0,0,0,0,0,0,0,1,0,0,0,0,0,0,0,0,0,0,1,0,0,0,0,0,0,1,0,0,0,0,1,0,0,0,0,0,0,0,0,0,0,0,0,2,0,0,0,0,0,0,2,0,0,0,0,3,0,0,0,0,0,0,2,0,0,0,0,0,0,0,0,28,0,0,0,0,0,0,0,0,0,0,0,0,1,0,0,0,0
TC	0,0,0,0,0,0,0,0,0,0,0,0,0,0,0,0,0,0,587,0,0,0,55,0,340,0,0,247,0,0,0,0,0,0,287,0,0,331,0,0,0,0,0,0,0,0,456,0,0,0,0,1076,0,0,0,0,0,0,0,309,0,0,0,884,114,0,0,0,0,0,0,0,0,0,0,0,32,30,0,76,0,0,0,0,46,0,1068,0,0,34,0,0,0,0,137,0,21,0,0,0,0,0,15,0,0,0,0,21,0,16,0,0,0,0,0,0,9,0,0,0,19,8,0,0,0,0,0,18,0,0,0,13,0,13,0,0,19,0,0,0,0,24,0,0,0,0,0,0,0,0,0,0,0,0,0,0,0,0,0,0,0,0,0,0,0,20,16,0,0,0,31,0,0,0,0,0,0,0,0,0,20,0,0,0,0,0,0,0,0,0,0,0,0,0,0,0,0,0,0,0,0,0,0,0,0,0,0,0,0,0,4,0,0,0,0,0,0,1,0,0,0,0,2,0,0,2,0,0,1,0,0,0,1,0,0,3,0,0,0,0,7,0,0,0,0,0,0,9,0,6,0,0,0,8,0,0,0,0,0,0,12,0,0,0,0,8,0,0,0,0,0,0,14,0,0,0,0,0,0,0,0,58,0,0,0,0,0,0,0,0,0,0,0,0,4,0,0,0,0
TG	0,0,0,0,0,0,0,0,0,0,0,7,0,0,0,0,0,0,26,0,0,0,16,0,43,0,0,56,0,0,0,0,0,0,79,0,0,78,0,0,0,0,0,0,0,0,51,0,0,0,0,70,0,0,0,0,0,0,0,19,0,0,0,91,164,0,0,0,0,0,0,0,0,0,0,0,615,3,0,379,0,0,0,0,3,0,4,0,0,9,0,0,0,0,5,0,2,0,0,0,0,0,0,0,0,0,0,15,0,3,0,0,0,0,0,0,3,0,0,0,2,1,0,0,0,0,0,0,0,0,0,1,0,5,0,0,1,0,0,0,0,3,0,0,0,0,0,0,0,0,0,0,0,0,0,0,0,0,0,0,0,0,0,0,0,1,1,0,0,0,0,0,0,0,0,0,0,0,0,0,12,0,0,0,0,0,0,0,0,0,0,0,0,0,0,0,0,0,0,0,0,0,0,0,0,0,0,0,0,0,0,0,0,0,0,0,0,0,0,0,0,0,0,0,0,0,0,0,0,0,0,0,1,0,0,0,0,0,0,0,0,0,0,0,0,0,0,1,0,1,0,0,0,0,0,0,0,0,0,0,0,0,0,0,0,0,0,0,0,0,0,0,0,0,0,0,0,0,0,0,0,778,0,0,0,0,0,0,0,0,0,0,0,0,0,0,0,0,0
ins	0,0,0,0,0,0,0,0,0,0,0,0,0,0,1,0,2,1,0,4,15,8,3,4,22,1,8,18,9,7,20,10,4,10,14,23,621,62,137,15,11,14,11,11,11,14,40,1,7,5,18,16,6,5,10,2,3,7,8,10,12,3,23,8,4,42,7,17,4,3,14,15,0,11,8,1,1,0,0,0,273,1,1,0,0,0,0,0,0,0,0,0,0,0,1,0,1,1,0,1,0,0,0,1,0,0,0,0,0,0,0,2,6,0,0,1,20,0,0,0,0,0,0,0,0,0,0,0,0,0,0,0,0,0,0,0,0,0,0,0,0,0,0,0,1,0,0,2,0,0,8,0,0,0,0,0,0,0,0,0,0,0,1,0,0,0,0,0,0,0,1,0,0,0,0,1,0,1,0,0,0,0,0,0,0,0,0,0,0,0,0,0,0,0,0,0,0,0,0,0,0,0,0,0,0,0,0,0,0,0,0,12,0,0,0,0,0,0,0,0,0,0,0,0,0,0,1,0,1,0,0,0,0,0,0,1,0,0,0,0,0,1,0,0,0,0,0,0,0,0,0,0,1,0,0,0,0,0,0,0,0,0,0,0,0,0,0,0,0,0,0,0,0,0,0,0,1,0,0,4,0,0,0,0,0,0,0,0,2,0,0,0,1,0,0,0,0,0,0
del	0,0,0,0,0,0,1,0,0,0,2,0,0,0,5,4,12,24,9,14,2,5,3,12,5,8,13,7,2,18,80,11,39,86,642,49,54,38,93,39,27,68,32,15,52,69,61,32,19,16,18,47,15,10,45,75,12,16,5,8,18,25,18,5,22,2,2,15,3,3,70,17,1,9,4,5,18,371,265,15,2,3,7,1,1,0,0,2,3,3,2,1,22,23,2,1,1,3,2,14,1,0,3,0,0,0,2,17,4,6,3,16,318,301,4,4,2,0,5,0,0,6,0,0,0,0,0,0,0,0,0,0,42,40,0,0,0,0,0,0,0,0,0,0,1,0,0,2,0,0,0,0,0,0,0,22,0,0,5,0,0,2,0,0,5,0,0,0,0,0,0,0,1,0,1,3,2,2,0,0,2,2,0,4,0,1,0,0,0,0,2,0,0,1,0,0,0,0,0,0,0,0,0,0,0,0,0,0,0,0,0,0,0,0,11,11,0,0,0,0,1,0,0,0,0,0,0,0,0,0,0,0,0,0,0,1,1,0,9,0,0,0,0,0,31,31,0,0,1,0,0,0,3,0,0,0,0,1,0,0,1,0,0,0,0,0,0,0,0,1,0,1,1,0,0,1,0,0,1,6,6,4,4,1,0,0,0,0,0,0,0,0,0,1,0,0,0,0,0

RNase_P_RNA
AC	0,0,0,0,0,0,0,0,0,0,0,0,0,0,0,0,0,0,2,0,0,0,0,0,0,0,0,0,0,0,1,0,0,1,0,0,0,0,2,0,0,0,0,0,0,0,0,0,0,0,0,0,0,0,0,0,4,0,0,0,0,0,0,0,0,0,0,0,0,0,0,0,0,0,2,0,0,0,0,0,0,0,1,0,0,0,0,1,0,0,0,0,0,0,0,1,0,0,0,0,0,0,0,0,0,0,1,0,2,0,0,0,0,0,0,0,0,0,0,0,0,1,0,0,0,0,0,0,0,0,0,1,0,0,0,0,0,0,0,0,0,0,0,1,0,0,0,0,0,0,0,0,0,0,0,0,0,0,0,0,0,0,0,0,0,0,0,0,1,0,1,0,0,0,0,0,0,0,0,0,0,0,0,0,0,0,0,0,0,0,0,9,0,0,0,0,0,0,0,0,0,0,0,0,0,0,0,0,0,0,0,0,0,0,0,0,0,0,0,0,0,0,0,0,0,0,0,0,0,0,0,0,0,0,0,0,2,0,0,0,0,0,0,0,0,0,1,0,0,0,0,0,0,0,0,0,0,0,0,0,0,0,0,0,0,0,0,0,0,0,0,0,1,0,0,0,0,0,0,0,0,0,0,0,0,1,0,0,0,2,0,0,0,0,0,0,2,0,0,0,0,0,0,0,0,0,1,0,1,0,0,0,0,0,0,0,0,0,0,0,0,0,0,0,0,0,0,0,0,0,0,0,0,0,0,0,0,0,0,0
AG	0,0,0,0,0,0,0,0,1,0,0,0,2,3,0,0,0,0,1,0,0,1,0,0,0,0,0,0,0,0,2,0,0,2,0,0,0,0,1,0,0,0,0,0,0,0,0,0,0,0,0,4,0,0,0,0,0,0,0,0,0,0,1,0,0,0,0,0,0,0,0,0,0,0,8,2,0,0,0,0,0,0,6,0,5,0,0,3,0,0,0,0,0,5,0,8,0,0,0,0,0,0,0,0,0,10,4,0,7,0,0,0,0,0,0,0,0,0,0,0,0,6,0,0,0,0,0,6324,0,0,0,5,0,0,0,0,8,0,0,0,0,0,0,4,0,8,0,2,3,0,0,0,0,0,0,0,0,0,0,0,0,0,0,4,0,0,0,0,0,0,3,0,0,0,0,0,0,2,0,0,4,0,5,0,0,0,0,0,0,0,0,18,0,0,0,0,0,0,0,0,0,0,0,0,0,0,0,1,0,0,0,0,0,0,0,0,0,0,0,0,4,0,0,0,0,0,0,0,0,0,0,0,0,0,0,0,4,0,0,0,0,0,0,4,4,0,3,0,4,0,0,0,2,0,0,0,0,0,1,0,0,0,1,0,0,0,0,7,0,0,0,0,3,5,0,0,0,0,0,0,6,0,0,0,0,4,0,0,0,1,0,0,0,0,0,0,4,0,0,0,0,6,0,0,0,0,1,0,1,3,0,0,0,2,0,0,0,0,1,0,4,0,0,1,0,0,0,0,0,0,0,0,0,0,0,0,0,0,0,0
AT	0,0,0,0,0,0,0,0,0,0,0,0,0,0,0,0,0,0,1,0,0,0,0,0,0,0,0,0,0,0,0,0,0,0,0,0,0,0,1,0,0,0,0,0,0,0,0,0,0,0,0,0,0,0,0,0,13,0,0,0,0,0,0,0,0,0,0,0,0,0,0,0,0,0,2,1,0,0,0,0,0,0,0,0,0,0,0,1,0,0,0,0,0,0,0,2,0,0,0,0,0,0,0,0,0,0,0,0,0,0,0,0,0,0,0,0,0,0,0,0,0,0,0,0,0,0,0,1,0,0,0,1,0,0,0,0,2,0,0,0,0,0,0,0,0,0,0,0,0,0,0,0,0,0,0,0,0,0,0,0,0,0,0,2,0,0,0,0,0,0,0,0,0,0,0,0,0,1,0,0,3,0,0,0,0,0,0,0,0,0,0,12,0,0,0,0,0,0,0,0,0,0,0,0,0,0,0,0,0,0,0,0,0,0,0,0,0,0,0,0,0,0,0,0,0,0,0,0,0,0,0,0,0,0,0,0,0,0,0,0,0,0,0,0,0,0,1,0,0,0,0,0,0,0,0,0,0,0,0,0,0,0,0,0,0,0,0,1,0,0,0,0,0,0,0,0,0,0,0,0,0,0,0,0,0,0,0,0,0,1,0,0,0,0,0,0,0,0,0,0,0,0,0,0,0,0,1,0,0,0,0,0,0,1,0,0,0,0,0,0,0,0,0,0,0,0,0,0,0,0,0,0,0,0,0,0,0,0,0,0
CA	0,0,0,0,0,0,0,0,0,0,0,0,0,0,0,0,0,0,0,0,0,0,0,0,0,0,0,0,1,0,0,0,0,0,0,0,0,0,0,0,0,0,0,0,0,0,0,0,0,0,0,0,1,0,0,0,0,0,0,0,0,0,0,0,0,0,0,0,28,0,0,0,0,0,0,0,0,0,0,0,0,0,0,0,0,0,0,0,0,0,0,1,0,0,0,0,0,0,4,0,0,1,1,1,0,0,0,0,0,0,0,0,4,0,0,0,1,2,12,0,0,0,0,2,0,0,4,0,0,0,0,0,0,0,0,0,0,0,0,0,0,1,4,0,0,0,0,0,0,3,0,0,0,0,1,0,0,1,0,0,0,0,0,0,0,0,0,0,0,0,0,0,0,0,0,0,0,0,0,0,0,0,0,0,0,0,1,0,0,0,0,0,0,1,0,1,0,0,0,1,0,0,2,0,0,0,0,0,0,0,0,0,0,0,0,0,0,0,0,0,0,0,0,0,2,0,1,1,0,0,0,0,0,4,0,0,0,0,1,0,0,0,0,0,0,1,0,0,0,0,0,0,0,0,0,0,0,1,0,0,0,0,0,0,0,0,0,0,0,0,0,0,0,0,0,0,0,1,0,0,0,0,0,0,0,0,0,0,0,0,0,0,1,1,0,0,0,0,0,0,0,0,66,2,0,0,0,0,0,0,0,1,1,0,0,0,0,0,0,0,0,0,1,0,0,0,1,0,0,0,0,0,0,0,0,0,0,0,0,0
CG	0,0,0,0,0,0,0,0,0,0,0,0,0,0,0,0,0,0,0,0,0,0,0,0,0,0,0,0,0,1,0,0,0,0,0,0,0,0,0,0,0,0,0,0,0,0,0,0,0,0,0,0,0,0,0,1,0,0,0,0,0,0,0,0,0,0,0,0,0,0,0,0,0,0,0,0,0,0,0,0,0,0,0,0,0,0,0,0,0,0,0,0,0,0,0,0,0,0,2,0,0,0,0,0,0,0,0,0,0,0,0,0,0,0,1,0,1,0,0,0,0,0,0,3,0,0,0,0,0,0,0,0,0,0,0,0,0,0,0,0,2,0,0,0,0,0,0,0,0,0,0,0,0,0,0,0,0,0,0,0,0,0,0,0,0,0,0,0,0,0,0,0,0,0,0,0,1,0,0,0,0,0,0,0,0,0,1,0,0,0,0,0,0,0,0,0,0,0,0,0,0,0,0,0,0,0,0,0,0,0,0,0,0,0,0,0,0,0,0,0,0,0,0,0,0,0,0,0,0,0,0,0,1,0,0,0,0,0,0,0,0,0,0,0,0,0,0,0,0,0,0,1,0,1,0,0,0,0,0,0,2,0,0,0,0,0,0,0,0,0,0,0,0,0,0,0,0,0,0,0,0,0,0,0,0,0,0,0,0,0,0,0,0,0,0,1,0,0,0,0,0,0,9,0,0,0,0,0,0,0,0,0,0,0,0,0,0,0,0,0,0,1,0,0,1,0,0,0,0,0,0,0,0,0,0,0,0,0,0,0
CT	0,0,0,0,0,1,0,0,0,0,0,0,0,0,0,1,0,0,0,0,0,0,0,0,0,0,0,0,2,3,0,1,0,0,0,0,0,0,0,0,0,0,1,0,0,0,0,0,0,0,0,0,0,0,1,2,0,1,0,54,0,2,0,0,0,0,3,0,0,0,0,0,0,0,0,0,0,0,0,1,0,0,0,0,0,1,0,0,0,0,0,2,4,0,0,0,0,0,2,0,0,2,4,1,0,0,0,2,0,0,0,0,0,0,2,0,1,1,1,0,0,0,0,6,0,0,2,0,0,0,0,0,0,0,0,0,0,0,0,0,6,4,1,0,0,0,0,0,0,2,0,0,0,0,3,0,1,1,0,0,0,1,0,0,0,0,0,1,0,0,0,6,0,0,0,0,0,0,0,0,0,0,0,0,0,0,1,0,0,0,0,0,1,0,1,0,0,1,0,0,0,0,2,0,0,0,0,0,0,0,0,0,0,1,2,0,0,1,0,0,0,0,0,0,2,0,0,0,0,0,0,0,0,5,0,0,0,0,1,0,0,0,0,0,0,0,0,0,0,0,0,1,0,1,0,0,1,0,0,0,0,0,0,0,0,0,0,0,0,0,0,3,0,0,0,0,0,1,0,0,0,0,0,0,0,0,0,0,0,0,0,4,0,1,0,1,0,0,0,0,0,0,2,0,0,1,0,0,0,0,0,0,1,0,0,0,0,0,0,0,0,1,1750,0,0,0,0,0,0,2,0,0,0,0,0,0,0,0,0,0
GA	0,0,0,0,0,0,1,1,0,1,2,1,0,0,0,0,0,0,0,0,0,0,2,0,0,2,1,0,0,0,0,0,0,0,1,0,0,0,0,0,0,0,0,0,0,0,0,0,1,0,0,0,0,0,0,0,0,0,0,0,0,0,0,0,3,0,0,0,0,0,0,2,2,0,0,0,22,1,0,0,0,2,0,1,0,0,0,0,1,2,2,0,0,0,0,0,9,2,0,0,2,0,0,0,0,0,0,0,0,3,1,4,0,0,0,0,0,0,0,0,3,0,2,0,0,0,0,0,3,1,4,0,8,2,0,2,0,4,0,0,0,0,0,0,1,0,0,0,0,0,4,1,0,2,0,0,0,0,0,0,0,0,1,0,0,0,0,0,0,0,0,0,0,0,1,0,0,0,0,2,0,0,0,0,3,0,0,0,0,1,2,0,0,0,0,0,0,0,0,0,0,0,0,2,0,2,0,0,1,4,0,0,0,0,0,1,2,0,3,0,0,0,2,0,0,0,0,0,0,0,0,3,0,0,3,0,0,1,0,0,0,2,0,0,0,0,0,1,0,0,0,0,0,0,4,5,0,0,0,1,0,2,0,0,2,0,0,0,1,0,0,0,0,0,0,1,6,0,0,0,0,0,1,0,1,0,2,3,0,0,0,0,0,0,2,0,0,0,1,1,1,0,0,0,0,0,0,0,0,0,0,0,0,0,0,0,0,0,0,1,0,0,0,0,0,0,0,0,0,0,0,0,0,3,0,0,0,0,0,0
GC	0,0,0,0,0,0,0,1,0,0,0,0,0,0,0,0,0,0,0,0,0,0,0,0,0,0,0,0,0,0,0,0,0,0,0,0,0,0,0,0,0,0,0,0,0,0,0,0,0,0,0,0,0,0,0,0,0,0,0,0,0,0,0,0,2,0,0,0,0,0,0,0,0,0,0,0,0,0,0,0,0,0,0,0,0,0,0,0,0,0,0,0,0,0,0,0,0,1,0,0,0,0,0,0,0,0,0,0,0,0,2,0,0,0,0,0,0,0,0,0,1,0,0,0,0,0,0,0,0,0,0,0,0,1,0,0,0,0,0,0,0,0,0,0,2,0,0,0,0,0,1,1,0,0,0,0,0,0,3,0,0,0,0,0,0,0,0,0,0,0,0,0,0,0,0,0,0,0,1,0,0,0,0,0,0,0,0,0,0,0,1,0,0,0,0,0,3,0,0,0,0,0,0,1,0,0,0,0,0,0,0,2,0,0,0,0,0,0,0,0,0,0,0,0,0,0,0,0,0,0,0,0,0,0,0,0,0,0,0,0,0,0,0,0,0,0,0,0,0,0,0,0,0,0,0,1,0,0,0,0,0,0,0,0,0,0,0,0,1,0,0,0,0,0,0,0,1,0,0,0,0,0,0,0,0,0,0,0,0,0,0,0,0,0,23,0,0,0,0,0,0,0,0,0,0,0,0,0,0,0,0,0,0,0,0,0,0,0,0,0,0,0,0,0,0,0,0,0,0,0,0,0,0,0,0,0,0,0,0,0
GT	0,0,0,0,0,0,0,0,0,1,0,0,0,0,0,0,0,0,0,0,0,0,0,0,0,0,0,0,0,0,0,0,0,0,0,0,0,0,0,1,0,0,0,0,0,0,0,0,0,0,0,0,0,0,0,0,0,0,0,0,0,0,0,0,13,0,0,0,0,0,0,0,0,0,0,0,0,2,0,0,0,1,0,1,0,0,0,0,0,2,0,0,0,0,1,0,0,0,0,0,0,0,0,0,0,0,0,0,0,0,0,0,0,0,0,0,0,0,0,0,0,0,0,0,0,0,0,0,0,0,0,0,0,1,0,0,0,1,0,0,0,0,0,0,0,0,0,0,0,0,0,1,0,1,0,0,0,0,0,0,0,0,1,0,0,0,0,0,0,0,0,0,0,0,0,0,0,0,0,0,0,0,0,0,0,0,0,0,0,0,0,0,0,0,0,0,1,0,0,0,0,0,0,1,0,0,0,0,1,0,1,0,0,0,0,0,0,0,0,0,0,0,0,0,0,0,0,0,0,0,0,0,0,0,1,1,0,0,0,0,0,0,0,0,0,0,0,0,0,0,0,0,0,0,0,0,0,0,0,1,0,3,0,0,0,0,0,0,0,0,0,0,0,0,0,0,0,0,0,0,0,1,0,0,1,0,0,0,0,0,0,0,0,0,0,0,0,0,0,0,0,0,0,0,0,0,0,0,0,0,0,0,0,0,0,0,0,0,0,0,0,0,0,0,0,0,0,0,0,0,0,0,0,0,0,0,0,0,0,0
TA	0,0,0,0,0,0,0,0,0,0,0,0,0,0,0,0,0,0,0,0,0,0,0,0,0,0,0,0,0,0,0,0,0,0,0,0,0,0,0,0,0,0,0,0,0,0,0,0,0,0,0,0,0,0,0,0,0,0,1,0,0,0,0,2,0,3,0,0,0,2,1,0,0,0,0,0,0,0,1,0,1,0,0,0,0,0,0,0,0,0,0,0,0,0,0,0,0,0,0,0,0,0,0,0,1,0,0,0,0,0,0,0,0,2,0,0,0,0,0,3,0,0,0,0,10,4,0,0,0,0,0,0,0,0,2,0,0,0,0,0,0,0,0,0,0,0,0,0,0,0,0,0,0,0,0,1,0,0,0,0,0,0,0,0,0,0,0,0,0,0,0,0,2,0,0,0,0,0,0,0,0,0,0,0,0,0,0,0,0,0,0,0,0,0,0,0,0,0,0,0,0,0,0,0,0,0,0,0,0,0,0,0,0,0,0,0,0,0,0,0,0,0,0,0,0,0,0,0,0,0,18,0,0,0,0,0,0,0,0,0,0,0,0,0,0,0,0,0,0,0,1,0,0,0,0,0,0,0,0,0,0,0,0,0,0,0,0,0,0,0,0,0,0,0,0,0,0,0,2,0,0,0,0,0,0,0,0,0,0,0,0,0,0,0,0,0,0,0,0,0,0,0,0,0,1,0,0,0,0,0,0,0,0,0,0,0,0,0,0,0,0,0,0,0,0,1,0,0,0,0,0,0,0,0,0,0,0,0,0,0
TC	0,0,0,0,0,0,0,0,0,0,0,0,0,0,0,0,4,0,0,0,0,0,0,3,0,0,0,0,0,0,0,0,0,0,0,0,2,0,0,0,0,0,0,0,6,0,0,3,0,5,0,0,0,4,0,0,0,0,6,0,0,0,0,3,0,19,0,0,0,3,3,0,0,0,0,0,0,0,6,0,2,0,0,0,0,0,1,0,0,0,0,0,0,0,0,0,0,0,0,0,0,0,0,0,3,0,0,0,0,0,0,0,0,5,0,7,0,0,0,9,0,0,0,0,88,5,0,0,0,0,0,0,0,0,16,0,0,0,8,8,0,0,0,0,0,0,0,0,0,0,0,0,0,0,0,6,0,0,0,0,0,0,0,0,0,0,2,0,0,0,0,0,0,0,0,0,0,0,0,0,0,0,0,0,0,0,0,0,3,0,0,0,0,0,0,0,0,0,0,0,6,1,0,0,0,0,0,0,0,0,0,0,0,0,0,0,0,0,0,0,0,2,0,0,0,4,0,0,6,3,3,0,0,0,0,0,0,0,0,3,3,0,0,0,0,0,0,0,0,0,4,0,0,0,0,0,0,0,0,0,0,0,0,0,0,1,0,0,0,3,4,0,0,0,4,0,0,0,2,0,0,0,0,10,0,0,0,0,6,0,0,0,0,0,0,0,0,0,0,0,0,0,0,0,5,0,0,4,0,0,0,0,0,0,0,0,1,0,0,0,0,0,0,0,0,4,0,3,0,0,1,0,0,0,0,0,0,0,0,0
TG	0,0,0,0,0,0,0,0,0,0,0,0,0,0,0,0,0,0,0,0,0,0,0,0,0,0,0,0,0,0,0,0,0,0,0,0,0,0,0,0,0,0,0,0,0,0,0,0,0,0,0,0,0,0,0,0,0,0,0,0,0,0,0,0,0,0,0,0,0,1,0,0,0,0,0,0,0,0,2,0,0,0,0,0,0,0,0,0,0,0,0,0,0,0,0,0,0,0,0,0,0,0,0,0,2,0,0,0,0,0,0,0,0,3,0,0,0,0,0,0,0,0,0,0,2,5,0,0,0,0,0,0,0,0,1,0,0,0,1,0,0,0,0,0,0,0,0,0,0,0,0,0,0,0,0,0,0,0,0,0,0,0,0,0,0,0,0,0,0,0,0,0,0,0,0,0,0,0,0,0,0,0,0,0,0,0,0,0,0,0,0,0,0,0,0,0,0,0,0,0,0,0,0,0,0,0,0,0,0,0,0,0,0,0,0,0,0,0,0,0,0,0,0,0,0,0,0,0,0,0,0,0,0,0,0,0,0,0,0,0,0,0,0,0,0,0,0,0,0,0,0,0,0,0,0,0,0,0,0,0,0,0,0,0,0,0,0,0,0,0,1,0,0,0,0,0,0,0,1,0,0,0,0,0,0,0,0,0,0,0,0,0,0,0,0,0,0,0,0,0,0,0,0,0,0,0,0,2,0,0,0,0,0,0,0,0,0,0,0,0,0,0,0,0,0,0,0,0,0,0,0,0,0,0,0,0,0,0,0,0
ins	0,0,0,0,0,0,0,1,0,0,0,0,0,0,0,0,0,0,0,0,0,0,0,0,0,0,0,0,0,0,0,0,0,1,0,0,0,0,0,0,0,0,0,0,0,0,0,0,0,0,0,0,0,0,0,0,0,1,0,0,0,0,0,0,0,3,0,0,0,0,0,0,0,0,0,0,0,0,0,0,0,0,0,0,0,0,0,0,0,0,0,0,0,0,1,0,0,0,0,0,0,0,0,0,0,0,0,1,0,0,0,0,0,0,0,0,0,0,0,0,0,0,0,0,0,0,0,0,0,0,2,0,0,0,0,0,0,0,0,0,0,0,0,0,0,0,0,0,0,0,0,0,0,0,0,0,0,0,0,0,0,0,0,0,0,0,0,0,0,0,0,0,0,0,0,0,1,0,0,0,0,0,0,0,0,0,0,0,0,0,2,0,0,0,0,0,1,0,0,0,0,0,0,0,0,0,0,0,1,0,0,0,0,0,0,0,0,0,0,0,0,0,0,0,0,0,0,0,0,0,0,0,0,0,0,0,0,0,0,0,0,0,0,0,0,0,0,0,0,0,0,0,0,0,0,0,0,0,0,0,0,0,1,0,0,0,0,0,0,0,0,0,0,0,0,0,0,0,0,0,0,0,0,0,0,0,0,0,0,0,0,0,0,0,0,0,0,0,0,0,0,0,0,0,0,0,0,0,0,0,0,0,0,0,0,0,0,0,0,0,0,0,0,0,0,0,0,0,0,0,0,0,0,0,0,0,0,0,0,0
del	0,0,0,0,0,0,0,0,0,0,0,0,0,0,0,0,0,0,0,0,0,0,0,0,0,0,0,2,0,0,0,0,0,0,0,0,0,0,0,0,0,0,1,0,0,0,3,0,0,0,0,0,0,0,0,0,6,6,5,0,0,4,1,1,11,2,0,0,0,0,0,0,0,9,0,0,0,1,0,0,0,0,0,0,0,0,0,0,0,0,0,0,0,0,0,15,15,2,1,0,1,0,0,0,0,0,1,0,1,0,0,1,0,0,1,11,11,0,0,0,0,0,0,5,3,14,3,7,0,0,0,0,0,1,0,0,0,0,0,10,0,0,1,0,0,0,0,0,0,0,0,0,8,14,0,0,0,0,2,0,0,8,8,0,0,0,0,0,0,0,1,2,1,1,0,2,0,0,0,0,0,1,2,0,1,0,0,0,0,0,1,0,0,0,0,0,0,0,0,0,0,0,2,1,0,1,3,1,0,0,0,0,0,0,0,0,0,0,0,0,0,0,0,0,0,0,18,18,18,1,7,0,0,0,0,0,1,1,1,1,2,0,0,0,1,8,8,0,0,0,0,0,0,0,0,1,0,0,0,0,1,1,0,0,0,0,0,0,0,0,1,0,0,0,0,0,0,0,1,0,0,0,0,0,0,0,0,0,0,3,0,0,0,0,10,0,1,0,0,0,0,0,0,0,0,0,0,0,0,1,0,0,0,0,0,0,0,0,0,0,0,0,1,1,1,0,0,1,1,0,0,0,0,0,0,0,0,0,0,0

